100
128.168 -15.4843 36.1313	116.928 -15.4857 36.1313	0
128.024	-15.0000 147.220	116.381	-15.0000 147.220	0
128.2460 -14.4358 172.2639	116.5252 -14.3518 172.8573	0
130.1907 -14.2531 194.5271	119.7528 -14.2927 198.1816	0
140.4833 -14.1045 209.6100	132.2340 -14.3244 217.5566	0
155.0896 -13.7887 227.4075	145.3525 -14.1122 232.0006	0
155.2181 -14.0485 269.3953	144.7947 -14.1706 265.1355	0
133.4476 -14.2526 287.6154	129.7079 -14.2464 276.8764	0
92.8905 -14.5895 282.0649	97.9433 -14.6860 272.2371	0
72.4151 -15.0591 260.9202	84.1575 -15.0281 256.4764	0
73.6533 -15.3598 227.8736	85.8035 -15.0787 232.5258	0
81.2065 -14.9651 198.8900	93.3026 -14.5192 197.0087	0
77.9339 -14.6777 183.4603	88.8235 -14.2678 177.9424	0
67.2577 -14.6627 178.3170	70.6013 -14.6627 166.4290	0
56.6459 -14.9468 177.9196	50.0243 -14.7120 167.2395	0
43.2759 -15.4451 193.7344	32.2563 -15.2412 190.3839	0
31.8801 -15.5983 240.8140	20.9758 -15.5983 239.225	0
26.8122 -15.6729 259.2663	15.5258 -15.5474 256.3711	0
9.4417 -14.0640 291.4492	1.1802 -14.8037 281.4527	0
-5.9618 -13.9734 297.3224	-3.9868 -14.6662 284.0415	0
-18.7939 -14.3611 293.8404	-12.1459 -14.6910 283.9402	0
-33.7520 -15.0214 275.9772	-23.0190 -15.2514 272.1353	0
-64.7317 -15.5676 185.8453	-53.1085 -15.5639 182.9734	0
-64.9463 -15.5252 166.4023	-53.9520 -15.5182 170.9783	0
-53.3158 -15.5444 153.5130	-43.6446 -15.4883 160.9779	0
-54.0604 -15.5199 134.8222	-43.2287 -15.5220 131.6844	0
-129.7620 -15.5199 -41.6122	-118.6430 -15.5220 -45.2552	0
-134.8336 -15.4906 -56.6590	-123.3480 -15.4709 -60.3148	0
-139.0646 -15.4381 -88.4147	-127.1601 -15.4915 -85.4439	0
-128.404 -15.3199 -128.5500	-117.949 -15.5220 -122.959	0
-116.7594 -15.2248 -150.0723	-105.9194 -15.3393 -141.6259	0
-78.9004 -15.4873 -172.3886	-75.3485 -15.4879 -160.9208	0
-31.4634 -15.5921 -181.6474	-29.7725 -15.5805 -168.7028	0
-7.2178 -15.7796 -182.7113	-8.7773 -15.6659 -170.0515	0
8.4400 -15.735 -180.964		6.0544 -15.5846 -167.5154	0
21.4868 -15.6468 -180.7932	28.4484 -15.2438 -162.7646	0
29.9958 -15.6472 -186.9233	48.3510 -15.4041 -181.8065	0
37.9700 -15.7959 -209.2662	52.0030 -15.7059 -207.2240	0
52.7466 -15.0799 -239.9175	62.2619 -15.4451 -233.6418	0
72.0996 -14.2700 -265.6000	80.1979 -15.2000 -257.0670	0
97.4921 -14.3009 -283.4386	101.2912 -15.0603 -273.1210	0
128.3665 -13.5257 -291.1357	126.2563 -14.5707 -278.3492	0
145.5650 -13.1861 -283.8820	135.7095 -14.4966 -273.6724	0
153.0358 -14.0915 -269.3185	141.2489 -14.7201 -267.6805	0
155.0226 -15.0865 -247.4284	142.8151 -15.5647 -246.9755	0
167.6442 -14.8450 -203.1217	154.4798 -14.5996 -195.2458	0
177.7911 -14.3861 -185.5799	158.8194 -14.2596 -184.1927	0
170.1548 -14.0449 -157.9329	152.0923 -13.9152 -165.0793	0
136.3091 -14.2502 -131.7187	127.5048 -14.1150 -139.1956	0
129.4841 -15.0209 -102.8222	117.4265 -15.0112 -102.5871	0
20
128.2460 -14.4358 172.2639	116.5252 -14.3518 172.8573	25
140.4833 -14.1045 209.6100	132.2340 -14.3244 217.5566	0	
155.0896 -13.7887 227.4075	145.3525 -14.1122 232.0006	21
134.4476 -14.2526 288.6154	130.7079 -14.2464 275.8764	0
133.4476 -14.2526 287.6154	129.7079 -14.2464 276.8764	21
73.6533 -15.3598 227.8736	85.8035 -15.0787 232.5258	0
81.2065 -14.9651 198.8900	93.3026 -14.5192 197.0087	20
43.2759 -15.4451 193.7344	32.2563 -15.2412 190.3839	0
9.4417 -14.0640 291.4492	1.1802 -14.8037 281.4527	21
-33.7520 -15.0214 275.9772	-23.0190 -15.2514 272.1353	0
-64.7317 -15.5676 185.8453	-53.1085 -15.5639 182.9734	16
-54.0604 -15.5199 134.8222	-43.2287 -15.5220 131.6844	0
-134.8336 -15.4906 -56.6590	-123.3480 -15.4709 -60.3148	24
-128.404 -15.3199 -128.5500	-117.949 -15.5220 -122.959	0
-7.2178 -15.7796 -182.7113	-8.7773 -15.6659 -170.0515	16
37.9700 -15.7959 -209.2662	52.0030 -15.7059 -207.2240	0
128.3665 -13.5257 -291.1357	126.2563 -14.5707 -278.3492	20
155.0226 -15.0865 -247.4284	142.8151 -15.5647 -246.9755	0
177.7911 -14.3861 -185.5799	158.8194 -14.2596 -184.1927	18
129.4841 -15.0209 -102.8222	117.4265 -15.0112 -102.5871	0
