121.730003 -14.920000 147.690002 
125.529999 -14.450000 172.399994 
129.050003 -14.300000 195.190002 
137.149994 -14.250000 212.940002 
147.619995 -14.090000 231.059998 
144.360001 -14.180000 265.079987 
132.210007 -14.270000 284.579987 
100.629997 -14.610000 266.730011 
81.010002 -15.090000 257.250000 
82.209999 -15.200000 230.520004 
86.980003 -14.790000 197.410004 
79.769997 -14.660000 182.389999 
67.720001 -14.750000 176.309998 
56.689999 -14.940000 178.539993 
37.740002 -15.400000 192.460007 
27.309999 -15.550000 240.559998 
21.660000 -15.680000 258.179993 
0.250000 -14.790000 280.730011 
-3.730000 -14.700000 280.149994 
-12.990000 -14.680000 285.179993
120.279999 -15.520000 36.459999 
-65.335400 -15.634900 185.336004
-55.160000 -15.570000 170.020004
-50.939999 -15.630000 154.550003
-48.599998 -15.550000 133.160004
-125.379997 -15.520000 -43.369999 
-126.449997 -15.540000 -59.799999 
-131.360001 -15.520000 -86.900002 
-120.000000 -15.320000 -124.000000
-106.970001 -15.390000 -143.000000
-107.120003 -15.390000 -142.720001
-29.820000 -15.620000 -172.229996 
-8.010000 -15.740000 -172.080002 
7.150000 -15.680000 -172.839996 
23.430000 -15.600000 -177.179993
23.559999 -15.590000 -176.779999
45.230000 -15.790000 -208.720001
59.820000 -15.450000 -235.399994
77.019997 -14.610000 -260.450012
100.080002 -14.820000 -276.500000 
127.209999 -14.400000 -281.119995 
136.669998 -14.430000 -274.359985 
144.940002 -14.560000 -268.000000 
148.300003 -15.390000 -247.000000 
161.309998 -14.730000 -198.600006 
161.910004 -14.300000 -183.899994 
153.750000 -13.960000 -164.080002 
134.839996 -14.280000 -132.36999
134.732002 -14.289300 -102.982998 
119.690002 -15.520000 36.509998 