120.22 -14.92 147.58	
120.86 -14.42 173.05	
127.98 -14.31 195.60	
136.99 -14.25 213.31	
146.30 -14.12 231.86	
150.16 -14.13 267.64	
131.18 -14.28 282.39	
95.69 -14.68 275.90	
80.32 -15.09 257.62	
80.57 -15.24 230.20	
87.00 -14.80 197.61	
79.31 -14.68 182.73	
67.16 -14.78 177.62	
56.51 -14.96 177.95	
39.02 -15.40 192.55	
27.86 -15.56 240.32	
22.61 -15.67 258.53	
3.76 -14.62 285.05	
-4.55 -14.61 286.51	
-13.05 -14.70 284.88 
-26.22 -15.23 272.86 
-57.71 -15.64 183.71 
-57.74 -15.60 169.34 
-53.55 -15.54 153.04 
-45.43 -15.52 131.96 
-123.85 -15.52 -44.1 
-126.45 -15.54 -59.8 
-128.91 -15.54 -86.4 
-123.97 -15.26 -126. 
-112.53 -15.31 -147. 
-77.99 -15.53 -169.5 
-29.59 -15.62 -171.7 
-8.35 -15.74 -172.32 
7.08 -15.67 -172.78	
24.09 -15.54 -174.66 
41.24 -15.53 -184.07 
44.79 -15.79 -208.70 
56.72 -15.29 -237.49 
78.02 -14.68 -260.11 
100.08 -14.75 -277.7 
127.38 -14.12 -284.5 
138.32 -14.29 -275.9 
142.15 -14.71 -267.5 
148.30 -15.39 -247.0 
160.65 -14.73 -198.8 
162.74 -14.31 -184.0 
155.79 -13.98 -163.2 
131.37 -14.21 -135.7 
122.74 -15.06 -102.4 
118.20 -15.53 36.75	