35
120.220001 -14.920000 147.580002 0.796000 100.000000
120.860001 -14.420000 173.050003 0.782000 100.000000
127.980003 -14.310000 195.600006 0.593000 100.000000
136.990005 -14.250000 213.309998 0.672000 100.000000
146.300003 -14.120000 231.860001 1.703000 100.000000
150.160004 -14.130000 267.640015 1.157000 100.000000
131.179993 -14.280000 282.390015 1.656000 100.000000
95.690002 -14.680000 275.899994 0.969000 100.000000
80.320000 -15.090000 257.619995 1.172000 100.000000
80.570000 -15.240000 230.199997 1.421000 100.000000
87.000000 -14.800000 197.610001 0.813000 100.000000
79.309998 -14.680000 182.729996 0.828000 100.000000
67.160004 -14.780000 177.619995 0.563000 100.000000
56.509998 -14.960000 177.949997 1.328000 100.000000
39.020000 -15.400000 192.550003 2.047000 100.000000
27.860001 -15.560000 240.320007 0.656000 100.000000
22.610001 -15.670000 258.529999 1.594000 100.000000
3.760000 -14.620000 285.049988 0.484000 100.000000
-4.550000 -14.610000 286.510010 0.469000 100.000000
-13.050000 -14.700000 284.880005 0.922000 100.000000
-26.219999 -15.230000 272.859985 3.343000 100.000000
-57.709999 -15.640000 183.710007 0.485000 100.000000
-57.740002 -15.600000 169.339996 0.562000 100.000000
-53.549999 -15.540000 153.039993 0.735000 100.000000
-45.430000 -15.520000 131.960007 6.125000 100.000000
-123.849998 -15.520000 -44.099998 0.468000 100.000000
-126.449997 -15.540000 -59.799999 0.719000 100.000000
-128.910004 -15.540000 -86.400002 1.109000 100.000000
-123.970001 -15.260000 -126.000000 0.672000 100.000000
-112.529999 -15.310000 -147.000000 1.328000 100.000000
-77.989998 -15.530000 -169.500000 1.454000 100.000000
-29.590000 -15.620000 -171.699997 0.593000 100.000000
-8.350000 -15.740000 -172.320007 0.485000 100.000000
7.080000 -15.670000 -172.779999 0.609000 100.000000
24.090000 -15.540000 -174.660004 1.031000 100.000000
41.240002 -15.530000 -184.070007 1.328000 100.000000
44.790001 -15.790000 -208.699997 1.266000 100.000000
56.720001 -15.290000 -237.490005 1.063000 100.000000
78.019997 -14.680000 -260.109985 0.859000 100.000000
100.080002 -14.750000 -277.700012 1.266000 100.000000
127.379997 -14.120000 -284.500000 0.750000 100.000000
138.320007 -14.290000 -275.899994 0.468000 100.000000
142.149994 -14.710000 -267.500000 0.907000 100.000000
148.300003 -15.390000 -247.000000 1.671000 100.000000
160.649994 -14.730000 -198.800003 0.563000 100.000000
162.740005 -14.310000 -184.000000 1.203000 100.000000
155.789993 -13.980000 -163.199997 1.688000 100.000000
131.369995 -14.210000 -135.699997 1.218000 100.000000
122.739998 -15.060000 -102.400002 3.766000 100.000000
118.199997 -15.530000 36.750000 4.454000 100.000000

121.919998 -14.920000 147.869995 0.765000 100.000000
124.129997 -14.430000 172.899994 0.688000 100.000000
128.699997 -14.300000 195.119995 0.594000 100.000000
137.679993 -14.230000 212.610001 0.734000 100.000000
151.059998 -13.960000 229.580002 1.750000 100.000000
152.559998 -14.110000 268.320007 1.125000 100.000000
132.210007 -14.270000 284.579987 1.641000 100.000000
96.750000 -14.730000 273.760010 0.859000 100.000000
81.269997 -15.090000 257.359985 1.172000 100.000000
78.309998 -15.290000 229.210007 1.437000 100.000000
86.110001 -14.840000 197.940002 1.047000 100.000000
78.300003 -14.690000 183.039993 0.750000 100.000000
68.309998 -14.700000 173.490005 0.844000 100.000000
52.490002 -14.850000 171.539993 1.422000 100.000000
36.660000 -15.390000 191.949997 1.890000 100.000000
26.680000 -15.540000 240.110001 0.594000 100.000000
23.040001 -15.690000 258.359985 1.422000 100.000000
3.540000 -14.650000 284.709991 0.453000 100.000000
-4.570000 -14.630000 286.010010 0.453000 100.000000
-12.520000 -14.700000 283.970001 0.844000 100.000000
-23.889999 -15.280000 272.239990 3.328000 100.000000
-55.959999 -15.640000 183.229996 0.485000 100.000000
-56.310001 -15.610000 169.720001 0.656000 100.000000
-51.660000 -15.620000 154.369995 1.062000 100.000000
-39.919998 -15.350000 130.440002 6.297000 100.000000
-123.550003 -15.520000 -43.799999 0.438000 100.000000
-128.520004 -15.540000 -58.900002 0.828000 100.000000
-130.850006 -15.520000 -86.500000 1.156000 100.000000
-120.320000 -15.320000 -124.000000 0.641000 100.000000
-107.980003 -15.380000 -143.000000 1.062000 100.000000
-77.059998 -15.520000 -166.800003 1.297000 100.000000
-29.820000 -15.630000 -174.000000 0.578000 100.000000
-8.240000 -15.750000 -172.919998 0.438000 100.000000
7.200000 -15.670000 -172.250000 0.609000 100.000000
24.639999 -15.510000 -173.250000 1.031000 100.000000
44.580002 -15.460000 -183.160004 1.391000 100.000000
46.119999 -15.780000 -208.190002 1.469000 100.000000
52.740002 -15.090000 -240.139999 1.156000 100.000000
76.080002 -14.480000 -261.700012 0.906000 100.000000
99.849998 -14.740000 -277.859985 1.141000 100.000000
127.209999 -14.340000 -281.899994 0.594000 100.000000
138.440002 -14.280000 -275.899994 0.453000 100.000000
144.940002 -14.560000 -268.000000 0.922000 100.000000
151.639999 -15.270000 -246.699997 1.546000 100.000000
162.699997 -14.770000 -200.000000 0.563000 100.000000
162.880005 -14.310000 -184.000000 0.859000 100.000000
154.259995 -13.970000 -164.100006 1.297000 100.000000
131.759995 -14.210000 -135.300003 1.047000 100.000000
124.489998 -15.070000 -102.400002 3.672000 100.000000
124.029999 -15.520000 36.720001 2.969000 100.000000

119.790001 -14.920000 147.550003 0.843000 100.000000
120.639999 -14.420000 173.070007 0.766000 100.000000
128.830002 -14.300000 195.479996 0.594000 100.000000
137.830002 -14.230000 212.860001 0.687000 100.000000
149.119995 -14.040000 230.350006 1.672000 100.000000
149.559998 -14.140000 267.239990 1.235000 100.000000
131.289993 -14.270000 282.450012 1.765000 100.000000
100.489998 -14.610000 266.660004 0.703000 100.000000
86.769997 -14.960000 255.289993 1.344000 100.000000
77.120003 -15.310000 229.100006 1.594000 100.000000
87.089996 -14.800000 197.759995 0.844000 100.000000
80.400002 -14.630000 182.070007 0.687000 100.000000
68.190002 -14.700000 173.479996 0.719000 100.000000
52.610001 -14.850000 171.580002 1.406000 100.000000
33.180000 -15.320000 191.029999 2.125000 100.000000
27.889999 -15.560000 240.759995 0.641000 100.000000
23.940001 -15.690000 258.630005 1.187000 100.000000
6.030000 -14.400000 287.829987 0.828000 100.000000
-5.950000 -14.070000 296.380005 0.907000 100.000000
-17.850000 -14.440000 292.279999 1.187000 100.000000
-26.150000 -15.230000 272.940002 3.375000 100.000000
-55.740002 -15.630000 183.289993 0.547000 100.000000
-56.009998 -15.600000 169.949997 0.672000 100.000000
-50.279999 -15.620000 155.690002 0.937000 100.000000
-43.980000 -15.540000 131.860001 5.610000 100.000000
-122.459999 -15.520000 -44.200001 0.468000 100.000000
-126.739998 -15.540000 -59.700001 0.750000 100.000000
-128.320007 -15.540000 -85.800003 1.172000 100.000000
-121.739998 -15.290000 -125.000000 0.672000 100.000000
-110.529999 -15.340000 -145.000000 1.172000 100.000000
-77.669998 -15.530000 -168.800003 1.344000 100.000000
-29.889999 -15.620000 -172.300003 0.594000 100.000000
-8.340000 -15.740000 -171.850006 0.500000 100.000000
7.110000 -15.650000 -171.860001 0.703000 100.000000
23.610001 -15.560000 -175.320007 0.734000 100.000000
35.070000 -15.630000 -185.740005 1.031000 100.000000
42.950001 -15.810000 -208.669998 1.110000 100.000000
55.680000 -15.260000 -238.100006 0.953000 100.000000
75.480003 -14.370000 -262.920013 0.844000 100.000000
99.370003 -14.570000 -280.329987 1.062000 100.000000
127.110001 -14.230000 -283.399994 0.734000 100.000000
138.050003 -14.300000 -276.000000 0.594000 100.000000
141.000000 -14.720000 -267.399994 1.313000 100.000000
135.729996 -15.500000 -246.199997 2.281000 100.000000
158.059998 -14.670000 -197.100006 0.625000 100.000000
161.470001 -14.310000 -184.199997 0.937000 100.000000
157.820007 -13.990000 -162.300003 1.454000 100.000000
132.429993 -14.220000 -134.699997 1.328000 100.000000
127.959999 -15.070000 -102.699997 5.297000 100.000000
119.029999 -15.520000 36.259998 2.969000 100.000000

120.440002 -14.920000 147.740005 0.703000 100.000000
122.699997 -14.430000 172.990005 0.750000 100.000000
129.679993 -14.300000 195.089996 0.578000 100.000000
139.470001 -14.200000 211.000000 0.719000 100.000000
150.100006 -14.000000 229.919998 1.750000 100.000000
144.770004 -14.190000 265.369995 0.797000 100.000000
128.940002 -14.230000 275.619995 1.453000 100.000000
94.639999 -14.660000 277.809998 1.234000 100.000000
79.639999 -15.090000 257.910004 1.157000 100.000000
82.900002 -15.190000 230.940002 1.281000 100.000000
87.129997 -14.790000 197.470001 0.781000 100.000000
81.180000 -14.600000 181.520004 0.797000 100.000000
68.389999 -14.700000 173.619995 0.750000 100.000000
55.310001 -14.960000 176.059998 1.094000 100.000000
43.619999 -15.480000 194.130005 1.797000 100.000000
31.290001 -15.600000 240.800003 0.609000 100.000000
24.299999 -15.700000 258.720001 1.375000 100.000000
2.630000 -14.740000 283.760010 0.312000 100.000000
-4.500000 -14.640000 286.149994 0.454000 100.000000
-14.110000 -14.640000 286.809998 1.078000 100.000000
-32.320000 -15.100000 275.049988 3.343000 100.000000
-57.349998 -15.640000 183.679993 0.485000 100.000000
-56.020000 -15.620000 170.089996 0.594000 100.000000
-50.259998 -15.620000 155.309998 0.796000 100.000000
-44.830002 -15.540000 131.649994 5.641000 100.000000
-125.419998 -15.520000 -43.500000 0.422000 100.000000
-128.789993 -15.530000 -58.700001 0.781000 100.000000
-127.779999 -15.540000 -85.800003 1.016000 100.000000
-114.190002 -15.150000 -121.000000 0.594000 100.000000
-104.750000 -15.300000 -141.000000 1.125000 100.000000
-77.459999 -15.530000 -169.000000 1.343000 100.000000
-31.160000 -15.630000 -179.899994 0.672000 100.000000
-7.820000 -15.750000 -175.119995 0.438000 100.000000
7.280000 -15.650000 -171.550003 0.625000 100.000000
25.780001 -15.430000 -170.059998 1.531000 100.000000
46.570000 -15.440000 -182.410004 1.719000 100.000000
47.770000 -15.770000 -208.059998 1.422000 100.000000
62.349998 -15.470000 -233.720001 1.140000 100.000000
78.150002 -14.710000 -259.660004 0.922000 100.000000
100.330002 -14.860000 -276.100006 1.125000 100.000000
127.370003 -14.090000 -284.899994 0.875000 100.000000
139.679993 -14.060000 -277.700012 0.625000 100.000000
143.800003 -14.640000 -267.700012 0.984000 100.000000
150.830002 -15.300000 -246.699997 1.688000 100.000000
160.729996 -14.730000 -198.699997 0.531000 100.000000
161.869995 -14.300000 -183.899994 0.922000 100.000000
155.539993 -13.970000 -163.399994 1.531000 100.000000
128.070007 -14.150000 -138.699997 1.391000 100.000000
118.989998 -15.050000 -102.400002 4.031000 100.000000
118.419998 -15.520000 36.380001 2.984000 100.000000

119.489998 -14.920000 147.410004 0.719000 100.000000
122.690002 -14.430000 172.759995 0.797000 100.000000
129.350006 -14.300000 195.380005 0.593000 100.000000
138.300003 -14.220000 212.139999 0.719000 100.000000
148.750000 -14.050000 230.690002 1.625000 100.000000
148.770004 -14.160000 267.019989 1.219000 100.000000
131.149994 -14.280000 281.750000 1.750000 100.000000
97.470001 -14.710000 272.179993 0.922000 100.000000
80.769997 -15.080000 257.690002 1.343000 100.000000
78.309998 -15.290000 229.550003 1.266000 100.000000
85.089996 -14.870000 197.899994 1.016000 100.000000
81.440002 -14.590000 181.509995 0.875000 100.000000
67.910004 -14.760000 175.649994 0.656000 100.000000
54.590000 -14.930000 174.740005 1.375000 100.000000
35.730000 -15.350000 191.630005 2.141000 100.000000
31.959999 -15.590000 241.139999 0.640000 100.000000
25.150000 -15.700000 258.859985 1.219000 100.000000
5.510000 -14.470000 287.019989 0.687000 100.000000
-5.410000 -14.260000 292.450012 0.750000 100.000000
-15.780000 -14.550000 289.339996 1.157000 100.000000
-21.830000 -15.270000 271.670013 3.593000 100.000000
-55.369999 -15.620000 183.330002 0.563000 100.000000
-55.520000 -15.600000 169.940002 0.734000 100.000000
-50.770000 -15.610000 154.860001 0.844000 100.000000
-49.299999 -15.540000 132.960007 5.484000 100.000000
-127.339996 -15.520000 -42.799999 0.422000 100.000000
-130.389999 -15.530000 -58.200001 0.782000 100.000000
-130.860001 -15.530000 -87.000000 1.046000 100.000000
-118.660004 -15.340000 -124.000000 0.610000 100.000000
-107.370003 -15.390000 -142.000000 1.125000 100.000000
-76.449997 -15.520000 -164.600006 1.312000 100.000000
-29.730000 -15.630000 -172.600006 0.610000 100.000000
-7.980000 -15.750000 -173.850006 0.515000 100.000000
7.750000 -15.690000 -174.399994 0.641000 100.000000
22.980000 -15.600000 -177.039993 0.719000 100.000000
34.630001 -15.630000 -185.699997 1.062000 100.000000
44.169998 -15.810000 -208.440002 1.110000 100.000000
57.869999 -15.350000 -236.800003 0.953000 100.000000
78.550003 -14.750000 -259.399994 0.812000 100.000000
99.510002 -14.690000 -278.399994 1.203000 100.000000
127.580002 -14.000000 -285.899994 0.922000 100.000000
138.789993 -14.220000 -276.399994 0.516000 100.000000
141.869995 -14.730000 -267.299988 0.953000 100.000000
149.020004 -15.370000 -246.899994 1.719000 100.000000
160.679993 -14.720000 -198.300003 0.468000 100.000000
161.850006 -14.310000 -184.100006 0.954000 100.000000
158.169998 -13.990000 -162.300003 1.578000 100.000000
132.000000 -14.220000 -134.699997 1.203000 100.000000
124.629997 -15.080000 -102.199997 3.781000 100.000000
122.389999 -15.520000 36.619999 2.969000 100.000000

120.730003 -14.910000 147.820007 0.782000 100.000000
120.879997 -14.420000 173.160004 0.718000 100.000000
127.410004 -14.300000 195.729996 0.594000 100.000000
137.619995 -14.240000 212.970001 0.735000 100.000000
149.259995 -14.030000 230.639999 1.718000 100.000000
146.279999 -14.200000 266.170013 1.078000 100.000000
130.369995 -14.280000 279.279999 1.657000 100.000000
100.629997 -14.610000 266.730011 0.718000 100.000000
87.379997 -14.940000 255.149994 1.204000 100.000000
78.269997 -15.280000 229.100006 1.500000 100.000000
86.449997 -14.820000 197.750000 0.953000 100.000000
79.769997 -14.660000 182.389999 0.734000 100.000000
68.650002 -14.670000 172.479996 0.984000 100.000000
51.970001 -14.840000 170.910004 1.516000 100.000000
41.180000 -15.450000 193.100006 1.969000 100.000000
26.799999 -15.540000 240.169998 0.609000 100.000000
21.270000 -15.670000 258.299988 1.391000 100.000000
4.140000 -14.590000 285.459991 0.531000 100.000000
-4.820000 -14.560000 287.260010 0.484000 100.000000
-12.960000 -14.690000 284.549988 0.875000 100.000000
-22.860001 -15.280000 271.750000 3.360000 100.000000
-56.990002 -15.640000 183.500000 0.437000 100.000000
-55.849998 -15.620000 170.059998 0.516000 100.000000
-51.849998 -15.620000 154.630005 0.656000 100.000000
-46.930000 -15.540000 132.399994 5.719000 100.000000
-128.750000 -15.530000 -42.599998 0.422000 100.000000
-131.509995 -15.530000 -58.099998 0.812000 100.000000
-131.779999 -15.520000 -87.099998 1.125000 100.000000
-114.320000 -15.150000 -121.000000 0.719000 100.000000
-101.730003 -15.180000 -138.000000 1.109000 100.000000
-74.980003 -15.520000 -161.000000 1.297000 100.000000
-30.190001 -15.620000 -172.399994 0.594000 100.000000
-7.920000 -15.720000 -171.710007 0.453000 100.000000
6.850000 -15.670000 -171.300003 0.656000 100.000000
24.379999 -15.510000 -173.539993 0.891000 100.000000
39.400002 -15.550000 -184.490005 1.125000 100.000000
45.720001 -15.790000 -208.559998 1.141000 100.000000
58.029999 -15.350000 -236.970001 0.968000 100.000000
77.660004 -14.680000 -259.809998 0.860000 100.000000
100.389999 -14.820000 -276.899994 1.156000 100.000000
127.379997 -14.130000 -284.500000 0.719000 100.000000
139.169998 -14.140000 -277.100006 0.515000 100.000000
144.259995 -14.600000 -268.000000 0.938000 100.000000
146.789993 -15.450000 -246.800003 1.781000 100.000000
161.309998 -14.730000 -198.600006 0.469000 100.000000
161.910004 -14.300000 -183.899994 0.859000 100.000000
158.289993 -13.990000 -162.500000 5.953000 100.000000
139.970001 -14.130000 -128.399994 1.485000 100.000000
128.259995 -15.070000 -102.300003 4.219000 100.000000
118.760002 -15.520000 36.790001 2.984000 100.000000

120.870003 -14.930000 147.289993 0.734000 100.000000
123.220001 -14.430000 172.979996 0.704000 100.000000
129.529999 -14.300000 194.850006 0.578000 100.000000
137.820007 -14.230000 213.020004 0.703000 100.000000
149.440002 -14.020000 230.210007 2.125000 100.000000
145.089996 -14.170000 265.519989 1.047000 100.000000
130.300003 -14.290000 279.579987 1.703000 100.000000
95.070000 -14.660000 277.390015 1.172000 100.000000
81.010002 -15.090000 257.250000 1.062000 100.000000
82.209999 -15.200000 230.520004 1.172000 100.000000
87.309998 -14.780000 197.399994 0.844000 100.000000
84.010002 -14.490000 180.059998 1.109000 100.000000
68.639999 -14.680000 173.250000 0.750000 100.000000
56.689999 -14.940000 178.539993 1.031000 100.000000
41.259998 -15.440000 193.360001 1.782000 100.000000
27.790001 -15.560000 240.289993 0.578000 100.000000
22.719999 -15.690000 258.250000 1.344000 100.000000
3.860000 -14.640000 284.890015 0.468000 100.000000
-4.510000 -14.590000 286.779999 0.485000 100.000000
-12.950000 -14.690000 284.670013 0.937000 100.000000
-22.790001 -15.270000 271.880005 3.547000 100.000000
-56.610001 -15.640000 183.820007 0.547000 100.000000
-54.980000 -15.560000 170.289993 0.672000 100.000000
-49.389999 -15.610000 156.029999 0.890000 100.000000
-46.669998 -15.560000 132.320007 5.532000 100.000000
-125.000000 -15.520000 -43.799999 0.453000 100.000000
-128.570007 -15.540000 -59.099998 0.765000 100.000000
-127.220001 -15.530000 -85.800003 1.063000 100.000000
-117.959999 -15.310000 -123.000000 0.656000 100.000000
-107.529999 -15.380000 -143.000000 1.188000 100.000000
-76.800003 -15.520000 -166.800003 1.390000 100.000000
-29.860001 -15.620000 -170.000000 0.578000 100.000000
-8.340000 -15.670000 -169.669998 0.485000 100.000000
7.040000 -15.640000 -171.039993 0.640000 100.000000
23.370001 -15.580000 -175.990005 0.672000 100.000000
35.000000 -15.630000 -185.759995 1.078000 100.000000
41.509998 -15.830000 -209.119995 1.188000 100.000000
55.930000 -15.260000 -238.210007 1.000000 100.000000
75.209999 -14.330000 -263.209991 0.875000 100.000000
100.129997 -14.750000 -277.899994 1.078000 100.000000
127.250000 -14.170000 -283.899994 0.781000 100.000000
139.500000 -14.100000 -277.299988 0.594000 100.000000
144.869995 -14.590000 -267.700012 0.969000 100.000000
152.339996 -15.240000 -246.699997 1.719000 100.000000
159.619995 -14.700000 -197.899994 0.500000 100.000000
160.240005 -14.300000 -183.899994 0.953000 100.000000
154.360001 -13.970000 -164.000000 1.531000 100.000000
132.169998 -14.220000 -135.100006 1.141000 100.000000
125.839996 -15.090000 -102.000000 3.703000 100.000000
119.690002 -15.520000 36.509998 2.937000 100.000000

120.139999 -14.910000 147.729996 0.782000 100.000000
119.919998 -14.410000 173.149994 0.906000 100.000000
126.169998 -14.310000 196.179993 0.781000 100.000000
138.770004 -14.210000 211.369995 0.844000 100.000000
150.360001 -13.990000 229.710007 2.047000 100.000000
147.089996 -14.180000 266.160004 1.312000 100.000000
130.869995 -14.280000 280.940002 1.844000 100.000000
95.209999 -14.670000 277.049988 1.078000 100.000000
80.559998 -15.100000 257.589996 1.141000 100.000000
81.650002 -15.220000 230.440002 1.234000 100.000000
87.010002 -14.800000 197.910004 0.875000 100.000000
81.410004 -14.590000 181.539993 0.906000 100.000000
67.970001 -14.760000 175.690002 0.610000 100.000000
55.770000 -14.950000 176.820007 1.109000 100.000000
37.799999 -15.380000 192.100006 1.797000 100.000000
27.020000 -15.540000 240.229996 0.578000 100.000000
21.660000 -15.680000 258.179993 1.172000 100.000000
4.940000 -14.560000 286.119995 0.563000 100.000000
-5.370000 -14.340000 291.109985 0.671000 100.000000
-16.700001 -14.520000 290.179993 1.375000 100.000000
-24.370001 -15.270000 272.239990 3.625000 100.000000
-56.540001 -15.640000 183.380005 0.532000 100.000000
-56.189999 -15.610000 169.520004 0.703000 100.000000
-50.930000 -15.610000 154.949997 1.140000 100.000000
-50.250000 -15.560000 133.330002 6.047000 100.000000
-124.959999 -15.520000 -43.500000 0.422000 100.000000
-128.279999 -15.530000 -58.799999 0.735000 100.000000
-129.410004 -15.540000 -86.099998 1.062000 100.000000
-119.510002 -15.340000 -123.000000 0.625000 100.000000
-108.570000 -15.370000 -144.000000 1.125000 100.000000
-77.650002 -15.530000 -169.199997 1.313000 100.000000
-30.570000 -15.620000 -175.699997 0.609000 100.000000
-8.010000 -15.740000 -172.080002 0.437000 100.000000
6.850000 -15.660000 -171.139999 0.657000 100.000000
24.870001 -15.490000 -172.740005 1.078000 100.000000
42.020000 -15.510000 -183.899994 1.203000 100.000000
46.700001 -15.780000 -208.300003 1.203000 100.000000
58.090000 -15.350000 -237.039993 1.016000 100.000000
77.459999 -14.620000 -260.660004 0.859000 100.000000
99.680000 -14.680000 -278.720001 1.234000 100.000000
127.150002 -14.220000 -283.500000 0.797000 100.000000
136.429993 -14.470000 -274.000000 0.391000 100.000000
138.770004 -14.760000 -267.100006 0.969000 100.000000
146.050003 -15.480000 -246.899994 1.765000 100.000000
162.610001 -14.770000 -200.000000 0.672000 100.000000
164.949997 -14.320000 -184.300003 1.141000 100.000000
154.500000 -13.970000 -163.800003 1.484000 100.000000
133.830002 -14.260000 -133.100006 1.063000 100.000000
124.459999 -15.070000 -102.199997 3.703000 100.000000
120.599998 -15.510000 36.419998 2.968000 100.000000

118.209999 -14.900000 147.740005 0.750000 100.000000
122.050003 -14.430000 172.970001 0.750000 100.000000
129.190002 -14.300000 195.399994 0.609000 100.000000
137.190002 -14.250000 213.639999 0.735000 100.000000
149.210007 -14.030000 230.279999 2.062000 100.000000
152.779999 -14.110000 268.700012 1.250000 100.000000
132.289993 -14.270000 284.350006 1.547000 100.000000
95.410004 -14.670000 276.750000 0.984000 100.000000
80.470001 -15.100000 257.679993 1.219000 100.000000
79.389999 -15.270000 229.470001 1.250000 100.000000
83.269997 -14.950000 198.389999 1.188000 100.000000
78.639999 -14.690000 182.949997 0.890000 100.000000
67.820000 -14.750000 175.339996 0.766000 100.000000
54.639999 -14.940000 174.979996 1.203000 100.000000
38.599998 -15.390000 192.369995 1.859000 100.000000
26.690001 -15.540000 240.089996 0.594000 100.000000
20.459999 -15.660000 257.989990 1.235000 100.000000
3.190000 -14.720000 283.959991 0.453000 100.000000
-4.560000 -14.510000 287.829987 0.593000 100.000000
-14.810000 -14.610000 287.670013 1.141000 100.000000
-25.940001 -15.220000 273.140015 3.531000 100.000000
-56.639999 -15.640000 183.389999 0.485000 100.000000
-56.040001 -15.610000 169.809998 0.640000 100.000000
-50.459999 -15.610000 155.130005 1.688000 100.000000
-37.560001 -15.290000 130.009995 7.250000 100.000000
-122.739998 -15.520000 -44.200001 0.406000 100.000000
-127.110001 -15.530000 -59.299999 0.734000 100.000000
-129.910004 -15.530000 -86.099998 1.079000 100.000000
-120.930000 -15.310000 -124.000000 0.625000 100.000000
-108.139999 -15.380000 -144.000000 1.062000 100.000000
-76.680000 -15.520000 -166.399994 1.281000 100.000000
-30.110001 -15.620000 -172.300003 0.594000 100.000000
-8.280000 -15.750000 -172.770004 0.484000 100.000000
7.170000 -15.670000 -173.619995 0.641000 100.000000
23.190001 -15.600000 -177.119995 0.672000 100.000000
34.389999 -15.640000 -185.789993 1.141000 100.000000
40.549999 -15.840000 -209.339996 1.234000 100.000000
53.889999 -15.160000 -239.539993 1.047000 100.000000
76.339996 -14.500000 -261.570007 0.828000 100.000000
100.089996 -14.790000 -277.100006 1.016000 100.000000
127.680000 -14.050000 -285.200012 0.765000 100.000000
141.610001 -13.780000 -279.700012 0.813000 100.000000
147.520004 -14.450000 -268.100006 1.078000 100.000000
148.160004 -15.400000 -246.899994 1.859000 100.000000
162.149994 -14.740000 -199.100006 0.547000 100.000000
164.279999 -14.320000 -184.100006 1.063000 100.000000
158.350006 -13.990000 -162.500000 1.625000 100.000000
131.729996 -14.220000 -135.500000 1.234000 100.000000
122.279999 -15.070000 -102.099998 3.766000 100.000000
121.360001 -15.510000 36.369999 2.953000 100.000000

119.459999 -14.920000 147.330002 0.829000 100.000000
122.440002 -14.430000 172.929993 0.765000 100.000000
130.229996 -14.270000 194.600006 0.594000 100.000000
138.399994 -14.210000 212.080002 0.703000 100.000000
149.559998 -14.020000 230.429993 1.656000 100.000000
149.009995 -14.150000 267.160004 1.235000 100.000000
130.970001 -14.280000 281.429993 1.718000 100.000000
97.650002 -14.700000 272.119995 0.891000 100.000000
81.489998 -15.100000 257.010010 1.156000 100.000000
74.410004 -15.390000 227.919998 1.438000 100.000000
89.019997 -14.720000 197.550003 1.187000 100.000000
87.139999 -14.370000 178.660004 1.047000 100.000000
69.720001 -14.560000 168.449997 0.844000 100.000000
52.560001 -14.850000 171.600006 1.141000 100.000000
37.740002 -15.400000 192.460007 1.703000 100.000000
27.309999 -15.550000 240.559998 0.547000 100.000000
21.940001 -15.680000 258.329987 1.218000 100.000000
2.930000 -14.710000 284.179993 0.391000 100.000000
-4.570000 -14.540000 287.529999 0.547000 100.000000
-15.000000 -14.590000 288.119995 1.109000 100.000000
-30.389999 -15.130000 274.589996 3.375000 100.000000
-56.459999 -15.620000 183.669998 0.516000 100.000000
-55.790001 -15.610000 170.059998 0.687000 100.000000
-50.619999 -15.620000 155.130005 0.985000 100.000000
-49.480000 -15.560000 133.119995 5.672000 100.000000
-126.379997 -15.520000 -42.799999 0.437000 100.000000
-130.679993 -15.530000 -58.500000 0.781000 100.000000
-131.360001 -15.520000 -86.900002 1.047000 100.000000
-120.000000 -15.320000 -124.000000 0.625000 100.000000
-106.970001 -15.390000 -143.000000 1.031000 100.000000
-76.070000 -15.520000 -165.000000 1.266000 100.000000
-30.129999 -15.620000 -172.300003 0.594000 100.000000
-8.110000 -15.740000 -172.529999 0.469000 100.000000
7.100000 -15.660000 -172.690002 0.640000 100.000000
23.799999 -15.550000 -174.929993 0.813000 100.000000
38.020000 -15.580000 -184.779999 1.078000 100.000000
45.580002 -15.800000 -208.570007 1.125000 100.000000
57.700001 -15.330000 -237.320007 0.953000 100.000000
77.019997 -14.610000 -260.450012 0.828000 100.000000
100.080002 -14.820000 -276.500000 1.078000 100.000000
127.169998 -14.210000 -283.600006 0.813000 100.000000
139.009995 -14.160000 -277.000000 0.640000 100.000000
142.830002 -14.700000 -267.600006 1.032000 100.000000
149.660004 -15.350000 -246.699997 1.734000 100.000000
162.860001 -14.750000 -199.500000 0.484000 100.000000
162.809998 -14.320000 -184.399994 0.875000 100.000000
155.660004 -13.970000 -163.199997 1.328000 100.000000
134.520004 -14.260000 -132.899994 0.985000 100.000000
124.190002 -15.070000 -102.500000 3.719000 100.000000
118.300003 -15.510000 36.730000 2.921000 100.000000

119.489998 -14.900000 147.399994 1.000000 100.000000
122.000000 -14.410000 172.720001 1.000000 100.000000
129.350006 -14.280000 195.059998 1.000000 100.000000
138.570007 -14.190000 211.720001 1.000000 100.000000
147.580002 -14.070000 231.020004 1.000000 100.000000
147.149994 -14.170000 266.209991 1.000000 100.000000
131.660004 -14.270000 282.980011 1.000000 100.000000
94.309998 -14.640000 279.070007 1.000000 100.000000
78.389999 -15.090000 258.329987 1.000000 100.000000
79.779999 -15.260000 230.190002 1.000000 100.000000
86.440002 -14.820000 197.820007 1.000000 100.000000
79.879997 -14.650000 182.320007 1.000000 100.000000
68.480003 -14.680000 173.289993 1.000000 100.000000
53.270000 -14.870000 172.570007 1.000000 100.000000
35.869999 -15.340000 191.580002 1.000000 100.000000
28.959999 -15.560000 240.660004 1.000000 100.000000
24.440001 -15.660000 258.670013 1.000000 100.000000
2.880000 -14.720000 283.750000 1.000000 100.000000
-4.270000 -14.640000 285.660004 1.000000 100.000000
-13.180000 -14.690000 285.329987 1.000000 100.000000
-27.320000 -15.190000 273.549988 1.000000 100.000000
-57.090000 -15.630000 183.889999 1.000000 100.000000
-54.849998 -15.560000 170.380005 1.000000 100.000000
-49.299999 -15.610000 156.289993 1.000000 100.000000
-48.599998 -15.550000 133.160004 1.000000 100.000000
-126.400002 -15.510000 -42.930000 1.000000 100.000000
-131.009995 -15.510000 -57.900002 1.000000 100.000000
-132.699997 -15.500000 -87.040001 1.000000 100.000000
-120.459999 -15.300000 -124.610001 1.000000 100.000000
-107.290001 -15.370000 -142.889999 1.000000 100.000000
-75.949997 -15.510000 -163.619995 1.000000 100.000000
-30.270000 -15.610000 -173.369995 1.000000 100.000000
-8.260000 -15.730000 -172.770004 1.000000 100.000000
7.280000 -15.680000 -174.330002 1.000000 100.000000
22.459999 -15.640000 -178.899994 1.000000 100.000000
32.799999 -15.670000 -186.300003 1.000000 100.000000
47.189999 -15.770000 -207.970001 1.000000 100.000000
56.740002 -15.270000 -237.690002 1.000000 100.000000
73.830002 -14.210000 -263.890015 1.000000 100.000000
97.839996 -14.350000 -283.070007 1.000000 100.000000
127.150002 -14.220000 -283.470001 1.000000 100.000000
136.970001 -14.420000 -274.880005 1.000000 100.000000
142.039993 -14.700000 -267.720001 1.000000 100.000000
148.399994 -15.390000 -247.130005 1.000000 100.000000
162.259995 -14.750000 -199.509995 1.000000 100.000000
161.559998 -14.310000 -184.070007 1.000000 100.000000
153.229996 -13.960000 -164.270004 1.000000 100.000000
134.539993 -14.270000 -133.169998 1.000000 100.000000
126.180000 -15.080000 -102.540001 1.000000 100.000000
121.550003 -15.520000 36.630001 1.000000 100.000000

121.730003 -14.920000 147.690002 0.672000 100.000000
123.709999 -14.440000 172.770004 0.625000 100.000000
128.899994 -14.300000 195.369995 0.532000 100.000000
137.149994 -14.250000 212.940002 0.578000 100.000000
148.100006 -14.070000 231.169998 1.312000 100.000000
153.869995 -14.080000 269.299988 1.781000 100.000000
132.949997 -14.260000 286.519989 1.891000 100.000000
96.669998 -14.720000 274.109985 1.016000 100.000000
81.839996 -15.090000 257.049988 1.109000 100.000000
82.500000 -15.190000 231.119995 1.391000 100.000000
87.250000 -14.780000 197.449997 0.687000 100.000000
77.930000 -14.710000 183.330002 0.594000 100.000000
67.720001 -14.750000 176.309998 0.656000 100.000000
54.990002 -14.950000 175.250000 1.219000 100.000000
36.240002 -15.350000 191.770004 1.859000 100.000000
26.200001 -15.530000 240.210007 0.657000 100.000000
22.799999 -15.680000 258.390015 1.703000 100.000000
0.250000 -14.790000 280.730011 0.218000 100.000000
-3.730000 -14.700000 280.149994 0.375000 100.000000
-9.740000 -14.640000 280.000000 1.266000 100.000000
-30.059999 -15.140000 274.399994 3.781000 100.000000
-54.779999 -15.640000 183.369995 0.453000 100.000000
-54.099998 -15.520000 170.550003 0.547000 100.000000
-51.480000 -15.610000 154.919998 0.688000 100.000000
-50.040001 -15.550000 133.300003 5.437000 100.000000
-123.959999 -15.520000 -44.230000 0.422000 100.000000
-128.940002 -15.540000 -59.220001 0.750000 100.000000
-132.220001 -15.520000 -86.720001 1.094000 100.000000
-123.099998 -15.270000 -126.360001 0.641000 100.000000
-112.620003 -15.310000 -146.880005 1.265000 100.000000
-78.730003 -15.510000 -172.470001 1.391000 100.000000
-29.879999 -15.630000 -173.089996 0.594000 100.000000
-8.370000 -15.740000 -171.860001 0.500000 100.000000
7.470000 -15.660000 -172.529999 0.609000 100.000000
23.430000 -15.600000 -177.179993 0.562000 100.000000
34.490002 -15.640000 -186.089996 0.985000 100.000000
45.470001 -15.780000 -208.630005 1.047000 100.000000
58.529999 -15.380000 -236.669998 0.937000 100.000000
74.570000 -14.270000 -263.750000 0.860000 100.000000
97.959999 -14.400000 -282.220001 1.078000 100.000000
127.680000 -14.050000 -285.399994 0.718000 100.000000
140.000000 -14.070000 -277.459991 0.563000 100.000000
144.410004 -14.590000 -268.109985 1.047000 100.000000
146.860001 -15.460000 -246.630005 1.812000 100.000000
161.710007 -14.730000 -198.820007 0.469000 100.000000
163.419998 -14.300000 -183.860001 0.781000 100.000000
159.729996 -14.000000 -161.460007 1.735000 100.000000
130.990005 -14.190000 -136.210007 6.953000 100.000000
115.919998 -14.960000 -102.510002 5.156000 100.000000
121.010002 -15.530000 36.480000 4.453000 100.000000

122.910004 -14.940000 147.279999 0.719000 100.000000
123.510002 -14.440000 172.509995 0.750000 100.000000
128.210007 -14.300000 195.300003 0.672000 100.000000
137.839996 -14.230000 212.160004 0.734000 100.000000
148.899994 -14.050000 230.580002 1.656000 100.000000
149.139999 -14.140000 267.329987 1.016000 100.000000
130.240005 -14.290000 278.839996 1.375000 100.000000
96.540001 -14.730000 274.000000 0.844000 100.000000
80.830002 -15.080000 257.609985 1.156000 100.000000
76.279999 -15.340000 228.610001 1.859000 100.000000
84.809998 -14.880000 197.970001 0.969000 100.000000
82.959999 -14.530000 180.500000 0.969000 100.000000
69.269997 -14.590000 170.039993 0.937000 100.000000
54.590000 -14.940000 175.110001 1.063000 100.000000
41.480000 -15.460000 193.190002 1.797000 100.000000
27.620001 -15.550000 240.410004 0.672000 100.000000
23.280001 -15.680000 258.880005 1.781000 100.000000
2.210000 -14.800000 282.730011 0.437000 100.000000
-4.760000 -14.530000 287.679993 0.641000 100.000000
-16.459999 -14.530000 289.890015 1.453000 100.000000
-30.469999 -15.130000 274.670013 3.969000 100.000000
-56.320000 -15.640000 183.259995 0.391000 100.000000
-55.389999 -15.580000 170.369995 0.531000 100.000000
-51.020000 -15.610000 154.410004 0.656000 100.000000
-44.590000 -15.540000 132.000000 15.750000 100.000000
-124.449997 -15.520000 -43.869999 0.422000 100.000000
-128.809998 -15.540000 -59.060001 0.781000 100.000000
-132.630005 -15.510000 -87.510002 1.078000 100.000000
-122.220001 -15.290000 -125.309998 0.625000 100.000000
-108.889999 -15.360000 -144.070007 1.063000 100.000000
-76.580002 -15.520000 -165.500000 1.265000 100.000000
-29.820000 -15.620000 -172.229996 0.594000 100.000000
-7.950000 -15.750000 -172.770004 0.438000 100.000000
7.150000 -15.680000 -172.839996 0.531000 100.000000
23.580000 -15.590000 -176.529999 0.547000 100.000000
38.230000 -15.570000 -184.839996 0.922000 100.000000
54.240002 -15.640000 -207.300003 0.922000 100.000000
59.820000 -15.450000 -235.399994 0.953000 100.000000
74.400002 -14.280000 -263.429993 0.906000 100.000000
98.449997 -14.500000 -280.970001 1.078000 100.000000
127.209999 -14.400000 -281.119995 0.500000 100.000000
136.669998 -14.430000 -274.359985 0.406000 100.000000
141.660004 -14.700000 -267.720001 0.985000 100.000000
144.169998 -15.560000 -246.929993 1.906000 100.000000
162.570007 -14.760000 -199.929993 0.609000 100.000000
165.320007 -14.330000 -184.669998 1.016000 100.000000
157.250000 -13.980000 -162.990005 6.719000 100.000000
140.660004 -14.110000 -127.809998 1.484000 100.000000
125.599998 -15.070000 -102.709999 4.313000 100.000000
125.250000 -15.520000 36.450001 2.953000 100.000000

121.070000 -14.920000 147.779999 0.906000 100.000000
123.440002 -14.430000 172.669998 1.047000 100.000000
129.919998 -14.290000 194.899994 0.766000 100.000000
139.389999 -14.190000 211.270004 0.812000 100.000000
149.919998 -14.010000 230.380005 1.688000 100.000000
142.960007 -14.160000 264.790009 0.968000 100.000000
128.690002 -14.230000 274.600006 1.500000 100.000000
96.360001 -14.690000 275.070007 1.000000 100.000000
77.320000 -15.090000 258.640015 1.407000 100.000000
74.040001 -15.380000 227.940002 1.625000 100.000000
85.860001 -14.840000 197.880005 0.812000 100.000000
76.930000 -14.700000 183.949997 0.547000 100.000000
67.720001 -14.750000 176.580002 0.719000 100.000000
54.020000 -14.910000 173.899994 1.812000 100.000000
41.610001 -15.460000 193.289993 2.406000 100.000000
30.180000 -15.590000 240.770004 0.688000 100.000000
25.230000 -15.700000 259.130005 1.250000 100.000000
4.280000 -14.560000 285.880005 0.422000 100.000000
-5.050000 -14.430000 289.279999 0.515000 100.000000
-16.030001 -14.560000 289.320007 1.188000 100.000000
-31.250000 -15.120000 274.769989 3.422000 100.000000
-56.419998 -15.640000 183.539993 0.406000 100.000000
-54.529999 -15.490000 170.600006 0.469000 100.000000
-49.840000 -15.520000 155.839996 0.703000 100.000000
-42.709999 -15.520000 131.250000 5.531000 100.000000
-122.459999 -15.520000 -44.389999 0.422000 100.000000
-127.379997 -15.540000 -59.389999 0.750000 100.000000
-131.720001 -15.520000 -86.800003 1.094000 100.000000
-122.190002 -15.290000 -125.389999 0.625000 100.000000
-109.199997 -15.360000 -144.389999 1.078000 100.000000
-76.349998 -15.520000 -166.000000 1.266000 100.000000
-30.139999 -15.620000 -172.869995 0.609000 100.000000
-8.000000 -15.750000 -173.350006 0.516000 100.000000
7.420000 -15.680000 -173.740005 0.640000 100.000000
23.090000 -15.610000 -177.479996 0.594000 100.000000
33.930000 -15.650000 -186.169998 1.047000 100.000000
41.959999 -15.830000 -209.089996 1.156000 100.000000
54.669998 -15.190000 -239.199997 0.984000 100.000000
74.349998 -14.250000 -263.779999 0.891000 100.000000
100.120003 -14.760000 -277.809998 1.141000 100.000000
127.190002 -14.190000 -283.820007 0.875000 100.000000
138.470001 -14.250000 -276.260010 0.562000 100.000000
144.639999 -14.580000 -268.029999 1.063000 100.000000
152.270004 -15.240000 -247.139999 1.687000 100.000000
163.789993 -14.780000 -200.389999 0.516000 100.000000
165.320007 -14.320000 -184.160004 0.750000 100.000000
160.470001 -14.000000 -161.050003 1.234000 100.000000
135.710007 -14.270000 -131.500000 1.063000 100.000000
119.029999 -15.050000 -102.410004 3.734000 100.000000
119.730003 -15.520000 36.230000 3.031000 100.000000

121.180000 -14.930000 147.330002 0.719000 100.000000
122.269997 -14.430000 172.720001 0.750000 100.000000
128.940002 -14.300000 195.229996 0.672000 100.000000
139.139999 -14.200000 211.419998 0.890000 100.000000
149.350006 -14.030000 230.550003 1.735000 100.000000
148.710007 -14.160000 267.119995 1.219000 100.000000
131.880005 -14.270000 283.640015 1.687000 100.000000
94.440002 -14.660000 278.010010 0.984000 100.000000
78.239998 -15.100000 258.200012 1.125000 100.000000
77.180000 -15.320000 228.779999 1.141000 100.000000
86.839996 -14.810000 197.830002 0.688000 100.000000
82.959999 -14.530000 180.669998 0.828000 100.000000
69.870003 -14.520000 167.699997 1.000000 100.000000
50.200001 -14.780000 168.130005 1.422000 100.000000
38.290001 -15.410000 192.580002 1.828000 100.000000
28.799999 -15.570000 240.850006 0.593000 100.000000
24.830000 -15.700000 259.029999 1.313000 100.000000
4.080000 -14.620000 284.970001 0.484000 100.000000
-4.780000 -14.560000 287.220001 0.516000 100.000000
-12.990000 -14.680000 285.179993 1.031000 100.000000
-21.620001 -15.270000 271.470001 3.656000 100.000000
-61.049999 -15.630000 184.610001 0.657000 100.000000
-59.490002 -15.590000 168.369995 0.640000 100.000000
-51.830002 -15.620000 154.179993 1.032000 100.000000
-45.099998 -15.550000 132.039993 4.468000 100.000000
-38.720001 -15.290000 130.350006 8.891000 100.000000
-125.360001 -15.520000 -43.770000 0.422000 100.000000
-129.050003 -15.540000 -59.130001 0.734000 100.000000
-130.919998 -15.530000 -86.400002 1.094000 100.000000
-120.309998 -15.320000 -124.750000 0.594000 100.000000
-107.120003 -15.390000 -142.720001 1.031000 100.000000
-75.720001 -15.520000 -163.339996 1.266000 100.000000
-29.610001 -15.610000 -169.399994 0.609000 100.000000
-8.200000 -15.690000 -170.080002 0.531000 100.000000
7.080000 -15.630000 -170.970001 0.688000 100.000000
23.559999 -15.590000 -176.779999 0.547000 100.000000
33.070000 -15.660000 -186.070007 0.953000 100.000000
41.330002 -15.830000 -209.199997 1.093000 100.000000
56.290001 -15.260000 -238.169998 0.922000 100.000000
74.800003 -14.310000 -263.239990 0.860000 100.000000
99.389999 -14.590000 -280.230011 0.968000 100.000000
126.989998 -14.310000 -282.359985 0.610000 100.000000
138.500000 -14.270000 -276.089996 0.531000 100.000000
144.029999 -14.630000 -267.750000 1.031000 100.000000
147.509995 -15.440000 -246.690002 2.235000 100.000000
152.729996 -14.510000 -193.699997 0.406000 100.000000
157.479996 -14.210000 -183.809998 0.953000 100.000000
158.990005 -13.980000 -162.179993 1.906000 100.000000
131.490005 -14.210000 -135.800003 1.735000 100.000000
120.970001 -15.050000 -102.589996 4.234000 100.000000

120.250000 -14.910000 147.630005 0.812000 100.000000
120.879997 -14.420000 172.850006 0.875000 100.000000
128.970001 -14.300000 195.389999 0.719000 100.000000
141.399994 -14.070000 209.110001 0.906000 100.000000
153.899994 -13.850000 228.050003 1.610000 100.000000
147.539993 -14.180000 266.279999 0.875000 100.000000
131.830002 -14.270000 283.420013 2.046000 100.000000
95.599998 -14.680000 276.089996 0.985000 100.000000
83.779999 -15.060000 256.579987 1.140000 100.000000
81.230003 -15.220000 230.520004 1.344000 100.000000
90.070000 -14.680000 197.330002 0.656000 100.000000
85.489998 -14.430000 179.270004 0.813000 100.000000
71.029999 -14.310000 163.270004 1.172000 100.000000
47.130001 -14.490000 162.919998 1.656000 100.000000
36.820000 -15.380000 192.149994 2.047000 100.000000
29.059999 -15.570000 240.500000 0.656000 100.000000
24.320000 -15.690000 259.070007 1.219000 100.000000
3.210000 -14.720000 284.019989 0.359000 100.000000
-4.420000 -14.580000 286.799988 0.469000 100.000000
-14.510000 -14.630000 287.040009 1.047000 100.000000
-31.790001 -15.100000 274.950012 3.328000 100.000000
-57.000000 -15.640000 183.339996 0.375000 100.000000
-55.169998 -15.570000 170.259995 0.453000 100.000000
-51.959999 -15.630000 153.899994 0.563000 100.000000
-48.099998 -15.580000 133.070007 5.250000 100.000000
-126.070000 -15.520000 -43.230000 0.422000 100.000000
-129.550003 -15.530000 -58.500000 0.765000 100.000000
-129.649994 -15.530000 -86.389999 1.047000 100.000000
-121.489998 -15.300000 -124.910004 0.641000 100.000000
-110.639999 -15.340000 -145.960007 1.156000 100.000000
-78.919998 -15.510000 -172.570007 1.344000 100.000000
-30.629999 -15.630000 -177.729996 0.672000 100.000000
-7.870000 -15.740000 -174.679993 0.546000 100.000000
7.190000 -15.640000 -171.210007 0.813000 100.000000
24.850000 -15.500000 -173.190002 0.844000 100.000000
36.570000 -15.610000 -185.320007 1.047000 100.000000
46.770000 -15.780000 -208.169998 1.031000 100.000000
59.169998 -15.420000 -235.729996 0.937000 100.000000
76.279999 -14.510000 -261.450012 0.860000 100.000000
99.209999 -14.580000 -280.070007 1.047000 100.000000
127.589996 -14.060000 -285.200012 0.640000 100.000000
140.690002 -13.930000 -278.570007 0.594000 100.000000
147.820007 -14.390000 -268.589996 0.906000 100.000000
151.000000 -15.280000 -247.160004 1.625000 100.000000
163.440002 -14.780000 -200.440002 0.485000 100.000000
164.919998 -14.330000 -184.520004 0.718000 100.000000
160.580002 -14.000000 -161.380005 1.094000 100.000000
138.880005 -14.160000 -129.229996 0.922000 100.000000
123.000000 -15.060000 -102.500000 3.812000 100.000000
123.639999 -15.510000 36.680000 4.422000 100.000000

115.940002 -14.850000 147.679993 0.860000 100.000000
119.139999 -14.410000 172.970001 1.062000 100.000000
125.440002 -14.310000 196.619995 0.953000 100.000000
136.960007 -14.250000 213.320007 0.953000 100.000000
146.660004 -14.120000 231.800003 1.766000 100.000000
144.360001 -14.180000 265.079987 1.016000 100.000000
130.889999 -14.280000 280.559998 1.843000 100.000000
93.989998 -14.640000 279.040009 1.282000 100.000000
80.680000 -15.090000 257.600006 1.093000 100.000000
82.760002 -15.190000 230.720001 1.188000 100.000000
86.980003 -14.790000 197.410004 0.641000 100.000000
81.220001 -14.600000 181.740005 0.781000 100.000000
68.769997 -14.650000 171.889999 0.828000 100.000000
53.240002 -14.880000 172.649994 1.266000 100.000000
39.750000 -15.420000 192.820007 1.843000 100.000000
30.110001 -15.590000 241.139999 0.610000 100.000000
24.990000 -15.700000 258.890015 1.312000 100.000000
2.490000 -14.790000 283.119995 0.328000 100.000000
-4.130000 -14.640000 284.850006 0.438000 100.000000
-12.670000 -14.690000 284.510010 1.109000 100.000000
-25.280001 -15.250000 272.619995 3.781000 100.000000
-55.919998 -15.640000 183.580002 0.610000 100.000000
-54.680000 -15.550000 170.320007 0.640000 100.000000
-50.900002 -15.610000 155.029999 0.797000 100.000000
-49.950001 -15.550000 133.309998 5.344000 100.000000
-124.930000 -15.520000 -43.279999 0.406000 100.000000
-128.970001 -15.530000 -58.529999 0.782000 100.000000
-131.850006 -15.520000 -87.230003 1.093000 100.000000
-123.550003 -15.260000 -126.570000 0.625000 100.000000
-111.129997 -15.330000 -146.070007 1.141000 100.000000
-77.589996 -15.520000 -169.949997 1.297000 100.000000
-29.900000 -15.630000 -173.520004 0.594000 100.000000
-8.620000 -15.670000 -169.699997 0.500000 100.000000
6.390000 -15.600000 -167.470001 0.765000 100.000000
26.160000 -15.430000 -170.050003 0.891000 100.000000
42.709999 -15.500000 -183.740005 0.953000 100.000000
50.380001 -15.770000 -207.789993 0.984000 100.000000
58.910000 -15.390000 -236.320007 0.922000 100.000000
74.529999 -14.270000 -263.559998 0.860000 100.000000
97.790001 -14.370000 -282.730011 1.156000 100.000000
128.300003 -13.740000 -288.839996 5.781000 100.000000
134.479996 -14.580000 -272.160004 0.359000 100.000000
136.559998 -14.790000 -266.769989 1.047000 100.000000
142.490005 -15.600000 -246.559998 1.875000 100.000000
161.100006 -14.730000 -198.860001 0.532000 100.000000
163.699997 -14.310000 -184.220001 0.828000 100.000000
158.990005 -13.990000 -162.309998 1.390000 100.000000
136.429993 -14.250000 -131.070007 1.047000 100.000000
133.350006 -14.860000 -102.839996 4.672000 100.000000
125.629997 -15.520000 36.680000 3.047000 100.000000

124.419998 -14.950000 147.259995 0.719000 100.000000
124.430000 -14.440000 172.699997 0.719000 100.000000
129.080002 -14.300000 195.080002 0.703000 100.000000
137.179993 -14.250000 213.250000 0.844000 100.000000
146.690002 -14.120000 231.789993 1.625000 100.000000
144.839996 -14.180000 265.339996 0.906000 100.000000
130.250000 -14.280000 279.489990 1.719000 100.000000
97.970001 -14.700000 272.049988 0.921000 100.000000
81.570000 -15.090000 256.920013 1.141000 100.000000
75.900002 -15.350000 228.580002 1.078000 100.000000
82.989998 -14.960000 198.419998 0.563000 100.000000
81.110001 -14.610000 181.820007 0.765000 100.000000
71.250000 -14.350000 164.059998 1.500000 100.000000
48.459999 -14.580000 164.759995 1.688000 100.000000
41.430000 -15.460000 193.179993 2.000000 100.000000
29.790001 -15.590000 240.869995 0.609000 100.000000
23.879999 -15.690000 258.649994 1.031000 100.000000
4.140000 -14.620000 285.309998 0.407000 100.000000
-5.140000 -14.350000 290.970001 0.656000 100.000000
-19.430000 -14.330000 294.420013 1.937000 100.000000
-33.200001 -15.070000 275.670013 3.813000 100.000000
-55.759998 -15.640000 183.360001 0.422000 100.000000
-53.740002 -15.480000 170.399994 0.437000 100.000000
-50.930000 -15.600000 155.220001 0.625000 100.000000
-48.160000 -15.550000 132.429993 5.172000 100.000000
-127.199997 -15.520000 -42.529999 0.438000 100.000000
-131.419998 -15.530000 -58.410000 0.797000 100.000000
-132.309998 -15.510000 -87.419998 1.046000 100.000000
-119.989998 -15.320000 -124.580002 0.625000 100.000000
-107.889999 -15.380000 -143.970001 1.063000 100.000000
-76.620003 -15.520000 -166.350006 1.297000 100.000000
-29.879999 -15.610000 -171.330002 0.578000 100.000000
-8.510000 -15.660000 -169.509995 0.469000 100.000000
6.350000 -15.630000 -168.630005 0.734000 100.000000
25.459999 -15.470000 -171.869995 0.844000 100.000000
40.380001 -15.540000 -184.199997 1.078000 100.000000
45.509998 -15.780000 -208.289993 1.156000 100.000000
57.639999 -15.340000 -236.820007 1.031000 100.000000
79.220001 -14.840000 -258.489990 0.985000 100.000000
98.529999 -14.480000 -281.000000 3.656000 100.000000
125.650002 -14.730000 -274.450012 0.594000 100.000000
132.669998 -14.710000 -270.309998 0.344000 100.000000
136.710007 -14.770000 -267.010010 1.234000 100.000000
147.490005 -15.410000 -247.110001 1.906000 100.000000
163.270004 -14.760000 -199.839996 0.531000 100.000000
164.460007 -14.310000 -184.139999 0.735000 100.000000
159.440002 -13.990000 -161.550003 1.172000 100.000000
136.500000 -14.260000 -130.979996 1.156000 100.000000
125.400002 -15.080000 -102.349998 9.406000 100.000000
118.220001 -15.520000 36.200001 2.953000 100.000000

120.260002 -14.920000 147.529999 0.953000 100.000000
122.139999 -14.430000 172.779999 0.781000 100.000000
128.520004 -14.300000 195.690002 0.594000 100.000000
137.380005 -14.240000 212.979996 0.656000 100.000000
148.259995 -14.070000 230.860001 1.500000 100.000000
151.889999 -14.100000 268.480011 1.141000 100.000000
132.740005 -14.260000 285.609985 1.656000 100.000000
96.029999 -14.690000 275.799988 0.906000 100.000000
81.989998 -15.090000 257.049988 1.078000 100.000000
81.220001 -15.220000 230.679993 1.250000 100.000000
88.190002 -14.740000 197.250000 0.766000 100.000000
82.220001 -14.560000 181.250000 0.922000 100.000000
68.120003 -14.720000 174.429993 0.687000 100.000000
55.529999 -14.970000 176.759995 1.110000 100.000000
35.830002 -15.350000 191.710007 1.828000 100.000000
26.299999 -15.540000 240.440002 0.703000 100.000000
23.100000 -15.670000 258.690002 1.375000 100.000000
1.990000 -14.800000 283.049988 0.344000 100.000000
-4.450000 -14.630000 285.540009 0.500000 100.000000
-13.600000 -14.690000 285.720001 1.031000 100.000000
-27.980000 -15.180000 273.649994 3.750000 100.000000
-54.959999 -15.650000 183.320007 0.641000 100.000000
-54.130001 -15.540000 170.800003 0.687000 100.000000
-50.480000 -15.610000 155.699997 0.859000 100.000000
-49.060001 -15.560000 133.220001 5.438000 100.000000
-125.139999 -15.520000 -43.400002 0.422000 100.000000
-128.779999 -15.540000 -58.770000 0.750000 100.000000
-131.240005 -15.530000 -86.709999 1.094000 100.000000
-121.480003 -15.300000 -125.419998 0.625000 100.000000
-108.500000 -15.370000 -144.479996 1.062000 100.000000
-76.430000 -15.520000 -166.160004 1.281000 100.000000
-30.240000 -15.630000 -173.679993 0.688000 100.000000
-7.960000 -15.740000 -173.759995 0.531000 100.000000
6.970000 -15.660000 -172.470001 0.641000 100.000000
23.780001 -15.570000 -176.169998 0.609000 100.000000
36.660000 -15.600000 -185.509995 0.938000 100.000000
47.790001 -15.770000 -207.860001 1.031000 100.000000
56.060001 -15.260000 -238.220001 0.937000 100.000000
75.919998 -14.470000 -261.769989 0.875000 100.000000
98.870003 -14.530000 -280.730011 1.125000 100.000000
127.459999 -14.070000 -285.220001 0.985000 100.000000
138.339996 -14.270000 -276.160004 1.187000 100.000000
131.970001 -14.870000 -266.350006 1.375000 100.000000
130.330002 -15.600000 -246.250000 2.672000 100.000000
162.139999 -14.760000 -199.639999 0.641000 100.000000
164.440002 -14.310000 -184.100006 0.890000 100.000000
156.979996 -13.980000 -162.990005 1.282000 100.000000
134.729996 -14.270000 -132.649994 0.953000 100.000000
125.339996 -15.070000 -102.620003 3.672000 100.000000
123.839996 -15.520000 36.299999 4.797000 100.000000

121.820000 -14.930000 147.460007 0.781000 100.000000
125.050003 -14.450000 172.580002 0.812000 100.000000
129.429993 -14.300000 195.130005 0.782000 100.000000
138.429993 -14.210000 211.729996 1.109000 100.000000
149.520004 -14.020000 230.330002 1.969000 100.000000
150.220001 -14.140000 267.730011 1.109000 100.000000
131.419998 -14.270000 282.429993 1.484000 100.000000
95.940002 -14.690000 275.200012 0.860000 100.000000
79.269997 -15.100000 257.820007 1.312000 100.000000
75.459999 -15.370000 228.050003 1.547000 100.000000
91.160004 -14.630000 196.910004 0.906000 100.000000
84.959999 -14.450000 179.679993 0.985000 100.000000
68.500000 -14.700000 173.770004 0.640000 100.000000
55.830002 -14.960000 177.320007 0.969000 100.000000
40.279999 -15.430000 193.130005 1.688000 100.000000
27.330000 -15.550000 240.389999 0.547000 100.000000
23.580000 -15.690000 258.839996 1.093000 100.000000
7.200000 -14.330000 288.869995 0.672000 100.000000
-6.310000 -13.950000 297.720001 1.172000 100.000000
-20.760000 -14.190000 296.760010 1.891000 100.000000
-26.420000 -15.220000 273.140015 3.937000 100.000000
-55.209999 -15.640000 183.289993 0.485000 100.000000
-54.430000 -15.540000 170.639999 0.593000 100.000000
-50.500000 -15.610000 155.130005 0.735000 100.000000
-45.230000 -15.540000 132.110001 5.406000 100.000000
-120.870003 -15.520000 -44.790001 0.422000 100.000000
-125.760002 -15.540000 -59.790001 0.734000 100.000000
-130.490005 -15.530000 -86.959999 1.094000 100.000000
-121.930000 -15.290000 -125.769997 0.625000 100.000000
-109.480003 -15.360000 -144.910004 1.094000 100.000000
-77.080002 -15.520000 -166.690002 1.312000 100.000000
-29.549999 -15.620000 -170.440002 0.563000 100.000000
-8.350000 -15.700000 -170.589996 0.437000 100.000000
7.240000 -15.660000 -171.380005 0.516000 100.000000
24.059999 -15.550000 -175.619995 0.625000 100.000000
39.180000 -15.560000 -184.710007 1.140000 100.000000
50.619999 -15.740000 -207.669998 5.204000 100.000000
55.250000 -15.230000 -238.580002 4.796000 100.000000
76.279999 -14.520000 -261.440002 1.813000 100.000000
98.699997 -14.530000 -280.760010 1.328000 100.000000
126.849998 -14.470000 -280.369995 0.469000 100.000000
136.429993 -14.470000 -274.070007 0.390000 100.000000
142.880005 -14.690000 -267.540009 0.922000 100.000000
151.649994 -15.270000 -246.740005 1.563000 100.000000
162.559998 -14.760000 -199.559998 0.469000 100.000000
164.869995 -14.310000 -183.850006 0.718000 100.000000
161.960007 -14.010000 -160.380005 1.235000 100.000000
139.259995 -14.160000 -128.759995 1.078000 100.000000
120.250000 -15.070000 -101.970001 3.765000 100.000000
121.639999 -15.520000 36.779999 3.000000 100.000000

124.410004 -14.940000 147.529999 0.703000 100.000000
125.529999 -14.450000 172.399994 0.718000 100.000000
129.050003 -14.300000 195.190002 0.657000 100.000000
137.940002 -14.230000 212.619995 0.656000 100.000000
147.619995 -14.090000 231.059998 1.281000 100.000000
151.320007 -14.120000 267.809998 1.250000 100.000000
133.669998 -14.220000 289.279999 2.063000 100.000000
97.459999 -14.710000 272.209991 0.890000 100.000000
83.580002 -15.060000 256.570007 1.250000 100.000000
84.879997 -15.140000 231.910004 2.625000 100.000000
91.820000 -14.610000 196.940002 0.969000 100.000000
82.180000 -14.560000 181.289993 0.797000 100.000000
67.730003 -14.750000 175.410004 0.609000 100.000000
56.549999 -14.960000 178.210007 1.047000 100.000000
43.020000 -15.490000 194.029999 1.813000 100.000000
29.590000 -15.580000 240.929993 0.578000 100.000000
25.400000 -15.700000 259.440002 1.250000 100.000000
5.340000 -14.490000 286.779999 0.531000 100.000000
-5.300000 -14.370000 290.420013 0.563000 100.000000
-15.700000 -14.560000 289.160004 1.125000 100.000000
-28.129999 -15.180000 273.730011 3.281000 100.000000
-56.619999 -15.640000 183.839996 0.406000 100.000000
-55.160000 -15.570000 170.020004 0.484000 100.000000
-50.939999 -15.630000 154.550003 0.641000 100.000000
-44.160000 -15.540000 131.779999 5.797000 100.000000
-125.379997 -15.520000 -43.369999 0.422000 100.000000
-130.179993 -15.530000 -58.230000 0.797000 100.000000
-132.440002 -15.520000 -87.330002 1.062000 100.000000
-122.309998 -15.290000 -125.610001 0.625000 100.000000
-109.290001 -15.360000 -144.490005 1.110000 100.000000
-76.750000 -15.520000 -166.660004 1.468000 100.000000
-28.820000 -15.500000 -165.919998 0.610000 100.000000
-9.520000 -15.440000 -163.020004 0.609000 100.000000
5.760000 -15.500000 -165.000000 0.922000 100.000000
23.850000 -15.550000 -174.940002 0.578000 100.000000
32.570000 -15.690000 -186.259995 0.922000 100.000000
45.230000 -15.790000 -208.720001 0.969000 100.000000
55.090000 -15.210000 -238.889999 0.937000 100.000000
73.620003 -14.200000 -264.140015 1.063000 100.000000
99.720001 -14.760000 -277.429993 4.312000 100.000000
123.430000 -15.290000 -261.220001 0.016000 100.000000
123.690002 -15.290000 -261.140015 0.031000 100.000000
123.940002 -15.290000 -261.059998 1.313000 100.000000
138.809998 -15.500000 -246.779999 2.265000 100.000000
162.009995 -14.750000 -199.600006 0.563000 100.000000
160.660004 -14.310000 -184.199997 0.718000 100.000000
153.750000 -13.960000 -164.080002 1.094000 100.000000
134.839996 -14.280000 -132.369995 0.860000 100.000000
125.910004 -15.070000 -102.680000 3.656000 100.000000
122.930000 -15.520000 36.459999 2.954000 100.000000

120.279999 -15.520000 36.459999 2.954000 100.000000
120.279999 -15.520000 36.459999 2.954000 100.000000
120.279999 -15.520000 36.459999 2.954000 100.000000
120.279999 -15.520000 36.459999 2.954000 100.000000
120.279999 -15.520000 36.459999 2.954000 100.000000
120.279999 -15.520000 36.459999 2.954000 100.000000
120.279999 -15.520000 36.459999 2.954000 100.000000
120.279999 -15.520000 36.459999 2.954000 100.000000
120.279999 -15.520000 36.459999 2.954000 100.000000
120.279999 -15.520000 36.459999 2.954000 100.000000
120.279999 -15.520000 36.459999 2.954000 100.000000
120.279999 -15.520000 36.459999 2.954000 100.000000
120.279999 -15.520000 36.459999 2.954000 100.000000
120.279999 -15.520000 36.459999 2.954000 100.000000
120.279999 -15.520000 36.459999 2.954000 100.000000
120.279999 -15.520000 36.459999 2.954000 100.000000
120.279999 -15.520000 36.459999 2.954000 100.000000
120.279999 -15.520000 36.459999 2.954000 100.000000
120.279999 -15.520000 36.459999 2.954000 100.000000
120.279999 -15.520000 36.459999 2.954000 100.000000
120.279999 -15.520000 36.459999 2.954000 100.000000
120.279999 -15.520000 36.459999 2.954000 100.000000
120.279999 -15.520000 36.459999 2.954000 100.000000
120.279999 -15.520000 36.459999 2.954000 100.000000
120.279999 -15.520000 36.459999 2.954000 100.000000
120.279999 -15.520000 36.459999 2.954000 100.000000
120.279999 -15.520000 36.459999 2.954000 100.000000
120.279999 -15.520000 36.459999 2.954000 100.000000
120.279999 -15.520000 36.459999 2.954000 100.000000
120.279999 -15.520000 36.459999 2.954000 100.000000
120.279999 -15.520000 36.459999 2.954000 100.000000
120.279999 -15.520000 36.459999 2.954000 100.000000
120.279999 -15.520000 36.459999 2.954000 100.000000
120.279999 -15.520000 36.459999 2.954000 100.000000
120.279999 -15.520000 36.459999 2.954000 100.000000
120.279999 -15.520000 36.459999 2.954000 100.000000
120.279999 -15.520000 36.459999 2.954000 100.000000
120.279999 -15.520000 36.459999 2.954000 100.000000
120.279999 -15.520000 36.459999 2.954000 100.000000
120.279999 -15.520000 36.459999 2.954000 100.000000
120.279999 -15.520000 36.459999 2.954000 100.000000
120.279999 -15.520000 36.459999 2.954000 100.000000
120.279999 -15.520000 36.459999 2.954000 100.000000
120.279999 -15.520000 36.459999 2.954000 100.000000
120.279999 -15.520000 36.459999 2.954000 100.000000
120.279999 -15.520000 36.459999 2.954000 100.000000
120.279999 -15.520000 36.459999 2.954000 100.000000
120.279999 -15.520000 36.459999 2.954000 100.000000
120.279999 -15.520000 36.459999 2.954000 100.000000
120.279999 -15.520000 36.459999 2.954000 100.000000

120.279999 -15.520000 36.459999 2.954000 100.000000
120.279999 -15.520000 36.459999 2.954000 100.000000
120.279999 -15.520000 36.459999 2.954000 100.000000
120.279999 -15.520000 36.459999 2.954000 100.000000
120.279999 -15.520000 36.459999 2.954000 100.000000
120.279999 -15.520000 36.459999 2.954000 100.000000
120.279999 -15.520000 36.459999 2.954000 100.000000
120.279999 -15.520000 36.459999 2.954000 100.000000
120.279999 -15.520000 36.459999 2.954000 100.000000
120.279999 -15.520000 36.459999 2.954000 100.000000
120.279999 -15.520000 36.459999 2.954000 100.000000
120.279999 -15.520000 36.459999 2.954000 100.000000
120.279999 -15.520000 36.459999 2.954000 100.000000
120.279999 -15.520000 36.459999 2.954000 100.000000
120.279999 -15.520000 36.459999 2.954000 100.000000
120.279999 -15.520000 36.459999 2.954000 100.000000
120.279999 -15.520000 36.459999 2.954000 100.000000
120.279999 -15.520000 36.459999 2.954000 100.000000
120.279999 -15.520000 36.459999 2.954000 100.000000
120.279999 -15.520000 36.459999 2.954000 100.000000
120.279999 -15.520000 36.459999 2.954000 100.000000
120.279999 -15.520000 36.459999 2.954000 100.000000
120.279999 -15.520000 36.459999 2.954000 100.000000
120.279999 -15.520000 36.459999 2.954000 100.000000
120.279999 -15.520000 36.459999 2.954000 100.000000
120.279999 -15.520000 36.459999 2.954000 100.000000
120.279999 -15.520000 36.459999 2.954000 100.000000
120.279999 -15.520000 36.459999 2.954000 100.000000
120.279999 -15.520000 36.459999 2.954000 100.000000
120.279999 -15.520000 36.459999 2.954000 100.000000
120.279999 -15.520000 36.459999 2.954000 100.000000
120.279999 -15.520000 36.459999 2.954000 100.000000
120.279999 -15.520000 36.459999 2.954000 100.000000
120.279999 -15.520000 36.459999 2.954000 100.000000
120.279999 -15.520000 36.459999 2.954000 100.000000
120.279999 -15.520000 36.459999 2.954000 100.000000
120.279999 -15.520000 36.459999 2.954000 100.000000
120.279999 -15.520000 36.459999 2.954000 100.000000
120.279999 -15.520000 36.459999 2.954000 100.000000
120.279999 -15.520000 36.459999 2.954000 100.000000
120.279999 -15.520000 36.459999 2.954000 100.000000
120.279999 -15.520000 36.459999 2.954000 100.000000
120.279999 -15.520000 36.459999 2.954000 100.000000
120.279999 -15.520000 36.459999 2.954000 100.000000
120.279999 -15.520000 36.459999 2.954000 100.000000
120.279999 -15.520000 36.459999 2.954000 100.000000
120.279999 -15.520000 36.459999 2.954000 100.000000
120.279999 -15.520000 36.459999 2.954000 100.000000
120.279999 -15.520000 36.459999 2.954000 100.000000
120.279999 -15.520000 36.459999 2.954000 100.000000

120.279999 -15.520000 36.459999 2.954000 100.000000
120.279999 -15.520000 36.459999 2.954000 100.000000
120.279999 -15.520000 36.459999 2.954000 100.000000
120.279999 -15.520000 36.459999 2.954000 100.000000
120.279999 -15.520000 36.459999 2.954000 100.000000
120.279999 -15.520000 36.459999 2.954000 100.000000
120.279999 -15.520000 36.459999 2.954000 100.000000
120.279999 -15.520000 36.459999 2.954000 100.000000
120.279999 -15.520000 36.459999 2.954000 100.000000
120.279999 -15.520000 36.459999 2.954000 100.000000
120.279999 -15.520000 36.459999 2.954000 100.000000
120.279999 -15.520000 36.459999 2.954000 100.000000
120.279999 -15.520000 36.459999 2.954000 100.000000
120.279999 -15.520000 36.459999 2.954000 100.000000
120.279999 -15.520000 36.459999 2.954000 100.000000
120.279999 -15.520000 36.459999 2.954000 100.000000
120.279999 -15.520000 36.459999 2.954000 100.000000
120.279999 -15.520000 36.459999 2.954000 100.000000
120.279999 -15.520000 36.459999 2.954000 100.000000
120.279999 -15.520000 36.459999 2.954000 100.000000
120.279999 -15.520000 36.459999 2.954000 100.000000
120.279999 -15.520000 36.459999 2.954000 100.000000
120.279999 -15.520000 36.459999 2.954000 100.000000
120.279999 -15.520000 36.459999 2.954000 100.000000
120.279999 -15.520000 36.459999 2.954000 100.000000
120.279999 -15.520000 36.459999 2.954000 100.000000
120.279999 -15.520000 36.459999 2.954000 100.000000
120.279999 -15.520000 36.459999 2.954000 100.000000
120.279999 -15.520000 36.459999 2.954000 100.000000
120.279999 -15.520000 36.459999 2.954000 100.000000
120.279999 -15.520000 36.459999 2.954000 100.000000
120.279999 -15.520000 36.459999 2.954000 100.000000
120.279999 -15.520000 36.459999 2.954000 100.000000
120.279999 -15.520000 36.459999 2.954000 100.000000
120.279999 -15.520000 36.459999 2.954000 100.000000
120.279999 -15.520000 36.459999 2.954000 100.000000
120.279999 -15.520000 36.459999 2.954000 100.000000
120.279999 -15.520000 36.459999 2.954000 100.000000
120.279999 -15.520000 36.459999 2.954000 100.000000
120.279999 -15.520000 36.459999 2.954000 100.000000
120.279999 -15.520000 36.459999 2.954000 100.000000
120.279999 -15.520000 36.459999 2.954000 100.000000
120.279999 -15.520000 36.459999 2.954000 100.000000
120.279999 -15.520000 36.459999 2.954000 100.000000
120.279999 -15.520000 36.459999 2.954000 100.000000
120.279999 -15.520000 36.459999 2.954000 100.000000
120.279999 -15.520000 36.459999 2.954000 100.000000
120.279999 -15.520000 36.459999 2.954000 100.000000
120.279999 -15.520000 36.459999 2.954000 100.000000
120.279999 -15.520000 36.459999 2.954000 100.000000

120.279999 -15.520000 36.459999 2.954000 100.000000
120.279999 -15.520000 36.459999 2.954000 100.000000
120.279999 -15.520000 36.459999 2.954000 100.000000
120.279999 -15.520000 36.459999 2.954000 100.000000
120.279999 -15.520000 36.459999 2.954000 100.000000
120.279999 -15.520000 36.459999 2.954000 100.000000
120.279999 -15.520000 36.459999 2.954000 100.000000
120.279999 -15.520000 36.459999 2.954000 100.000000
120.279999 -15.520000 36.459999 2.954000 100.000000
120.279999 -15.520000 36.459999 2.954000 100.000000
120.279999 -15.520000 36.459999 2.954000 100.000000
120.279999 -15.520000 36.459999 2.954000 100.000000
120.279999 -15.520000 36.459999 2.954000 100.000000
120.279999 -15.520000 36.459999 2.954000 100.000000
120.279999 -15.520000 36.459999 2.954000 100.000000
120.279999 -15.520000 36.459999 2.954000 100.000000
120.279999 -15.520000 36.459999 2.954000 100.000000
120.279999 -15.520000 36.459999 2.954000 100.000000
120.279999 -15.520000 36.459999 2.954000 100.000000
120.279999 -15.520000 36.459999 2.954000 100.000000
120.279999 -15.520000 36.459999 2.954000 100.000000
120.279999 -15.520000 36.459999 2.954000 100.000000
120.279999 -15.520000 36.459999 2.954000 100.000000
120.279999 -15.520000 36.459999 2.954000 100.000000
120.279999 -15.520000 36.459999 2.954000 100.000000
120.279999 -15.520000 36.459999 2.954000 100.000000
120.279999 -15.520000 36.459999 2.954000 100.000000
120.279999 -15.520000 36.459999 2.954000 100.000000
120.279999 -15.520000 36.459999 2.954000 100.000000
120.279999 -15.520000 36.459999 2.954000 100.000000
120.279999 -15.520000 36.459999 2.954000 100.000000
120.279999 -15.520000 36.459999 2.954000 100.000000
120.279999 -15.520000 36.459999 2.954000 100.000000
120.279999 -15.520000 36.459999 2.954000 100.000000
120.279999 -15.520000 36.459999 2.954000 100.000000
120.279999 -15.520000 36.459999 2.954000 100.000000
120.279999 -15.520000 36.459999 2.954000 100.000000
120.279999 -15.520000 36.459999 2.954000 100.000000
120.279999 -15.520000 36.459999 2.954000 100.000000
120.279999 -15.520000 36.459999 2.954000 100.000000
120.279999 -15.520000 36.459999 2.954000 100.000000
120.279999 -15.520000 36.459999 2.954000 100.000000
120.279999 -15.520000 36.459999 2.954000 100.000000
120.279999 -15.520000 36.459999 2.954000 100.000000
120.279999 -15.520000 36.459999 2.954000 100.000000
120.279999 -15.520000 36.459999 2.954000 100.000000
120.279999 -15.520000 36.459999 2.954000 100.000000
120.279999 -15.520000 36.459999 2.954000 100.000000
120.279999 -15.520000 36.459999 2.954000 100.000000
120.279999 -15.520000 36.459999 2.954000 100.000000

121.730003 -14.920000 147.690002 444.088989 0.000000
123.709999 -14.440000 172.770004 1.068000 0.000000
128.899994 -14.300000 195.369995 0.899000 0.000000
137.149994 -14.250000 212.940002 0.989000 0.000000
147.580002 -14.070000 231.020004 0.982000 0.000000
147.149994 -14.170000 266.209991 1.874000 0.828000
131.660004 -14.270000 282.980011 1.397000 1.227000
100.489998 -14.610000 266.660004 1.905000 1.223000
78.389999 -15.090000 258.329987 1.059000 0.000000
79.779999 -15.260000 230.190002 1.597000 0.836000
87.250000 -14.780000 197.449997 1.578000 1.005000
77.930000 -14.710000 183.330002 0.998000 0.000000
67.720001 -14.750000 176.309998 1.121000 0.944000
53.270000 -14.870000 172.570007 1.113000 1.113000
35.869999 -15.340000 191.580002 1.472000 1.472000
27.309999 -15.550000 240.559998 1.960000 0.609000
24.440001 -15.660000 258.670013 0.622000 0.000000
0.250000 -14.790000 280.730011 1.566000 1.483000
-3.730000 -14.700000 280.149994 0.751000 0.000000
-12.950000 -14.690000 284.670013 0.572000 0.000000
-27.320000 -15.190000 273.549988 0.902000 0.000000
-54.779999 -15.640000 183.369995 3.747000 0.000000
-54.099998 -15.520000 170.550003 0.778000 0.000000
-51.480000 -15.610000 154.919998 1.027000 0.000000
-48.599998 -15.550000 133.160004 1.268000 0.000000
-123.959999 -15.520000 -44.230000 6.345000 0.000000
-128.940002 -15.540000 -59.220001 0.507000 0.000000
-132.699997 -15.500000 -87.040001 1.149000 0.000000
-120.000000 -15.320000 -124.000000 1.684000 0.000000
-107.290001 -15.370000 -142.889999 0.956000 0.000000
-75.949997 -15.510000 -163.619995 1.238000 0.000000
-29.860001 -15.620000 -170.000000 1.313000 0.680000
-8.110000 -15.740000 -172.529999 0.772000 0.772000
7.470000 -15.660000 -172.529999 0.629000 0.629000
23.430000 -15.600000 -177.179993 0.654000 0.346000
36.660000 -15.600000 -185.509995 1.591000 0.534000
47.189999 -15.770000 -207.970001 1.611000 1.181000
58.529999 -15.380000 -236.669998 1.634000 0.000000
77.019997 -14.610000 -260.450012 1.202000 0.000000
97.839996 -14.350000 -283.070007 0.972000 0.000000
127.680000 -14.050000 -285.399994 1.512000 1.032000
140.000000 -14.070000 -277.459991 1.028000 0.618000
144.869995 -14.590000 -267.700012 0.808000 0.000000
148.399994 -15.390000 -247.130005 1.100000 0.000000
161.710007 -14.730000 -198.820007 2.434000 0.000000
163.419998 -14.300000 -183.860001 0.720000 0.000000
153.229996 -13.960000 -164.270004 1.334000 0.000000
134.729996 -14.270000 -132.649994 1.495000 0.000000
126.180000 -15.080000 -102.540001 1.233000 0.234000
121.550003 -15.520000 36.630001 4.852000 4.852000

120.279999 -15.520000 36.459999 2.954000 100.000000
120.279999 -15.520000 36.459999 2.954000 100.000000
120.279999 -15.520000 36.459999 2.954000 100.000000
120.279999 -15.520000 36.459999 2.954000 100.000000
120.279999 -15.520000 36.459999 2.954000 100.000000
120.279999 -15.520000 36.459999 2.954000 100.000000
120.279999 -15.520000 36.459999 2.954000 100.000000
120.279999 -15.520000 36.459999 2.954000 100.000000
120.279999 -15.520000 36.459999 2.954000 100.000000
120.279999 -15.520000 36.459999 2.954000 100.000000
120.279999 -15.520000 36.459999 2.954000 100.000000
120.279999 -15.520000 36.459999 2.954000 100.000000
120.279999 -15.520000 36.459999 2.954000 100.000000
120.279999 -15.520000 36.459999 2.954000 100.000000
120.279999 -15.520000 36.459999 2.954000 100.000000
120.279999 -15.520000 36.459999 2.954000 100.000000
120.279999 -15.520000 36.459999 2.954000 100.000000
120.279999 -15.520000 36.459999 2.954000 100.000000
120.279999 -15.520000 36.459999 2.954000 100.000000
120.279999 -15.520000 36.459999 2.954000 100.000000
120.279999 -15.520000 36.459999 2.954000 100.000000
120.279999 -15.520000 36.459999 2.954000 100.000000
120.279999 -15.520000 36.459999 2.954000 100.000000
120.279999 -15.520000 36.459999 2.954000 100.000000
120.279999 -15.520000 36.459999 2.954000 100.000000
120.279999 -15.520000 36.459999 2.954000 100.000000
120.279999 -15.520000 36.459999 2.954000 100.000000
120.279999 -15.520000 36.459999 2.954000 100.000000
120.279999 -15.520000 36.459999 2.954000 100.000000
120.279999 -15.520000 36.459999 2.954000 100.000000
120.279999 -15.520000 36.459999 2.954000 100.000000
120.279999 -15.520000 36.459999 2.954000 100.000000
120.279999 -15.520000 36.459999 2.954000 100.000000
120.279999 -15.520000 36.459999 2.954000 100.000000
120.279999 -15.520000 36.459999 2.954000 100.000000
120.279999 -15.520000 36.459999 2.954000 100.000000
120.279999 -15.520000 36.459999 2.954000 100.000000
120.279999 -15.520000 36.459999 2.954000 100.000000
120.279999 -15.520000 36.459999 2.954000 100.000000
120.279999 -15.520000 36.459999 2.954000 100.000000
120.279999 -15.520000 36.459999 2.954000 100.000000
120.279999 -15.520000 36.459999 2.954000 100.000000
120.279999 -15.520000 36.459999 2.954000 100.000000
120.279999 -15.520000 36.459999 2.954000 100.000000
120.279999 -15.520000 36.459999 2.954000 100.000000
120.279999 -15.520000 36.459999 2.954000 100.000000
120.279999 -15.520000 36.459999 2.954000 100.000000
120.279999 -15.520000 36.459999 2.954000 100.000000
120.279999 -15.520000 36.459999 2.954000 100.000000
120.279999 -15.520000 36.459999 2.954000 100.000000

120.279999 -15.520000 36.459999 2.954000 100.000000
120.279999 -15.520000 36.459999 2.954000 100.000000
120.279999 -15.520000 36.459999 2.954000 100.000000
120.279999 -15.520000 36.459999 2.954000 100.000000
120.279999 -15.520000 36.459999 2.954000 100.000000
120.279999 -15.520000 36.459999 2.954000 100.000000
120.279999 -15.520000 36.459999 2.954000 100.000000
120.279999 -15.520000 36.459999 2.954000 100.000000
120.279999 -15.520000 36.459999 2.954000 100.000000
120.279999 -15.520000 36.459999 2.954000 100.000000
120.279999 -15.520000 36.459999 2.954000 100.000000
120.279999 -15.520000 36.459999 2.954000 100.000000
120.279999 -15.520000 36.459999 2.954000 100.000000
120.279999 -15.520000 36.459999 2.954000 100.000000
120.279999 -15.520000 36.459999 2.954000 100.000000
120.279999 -15.520000 36.459999 2.954000 100.000000
120.279999 -15.520000 36.459999 2.954000 100.000000
120.279999 -15.520000 36.459999 2.954000 100.000000
120.279999 -15.520000 36.459999 2.954000 100.000000
120.279999 -15.520000 36.459999 2.954000 100.000000
120.279999 -15.520000 36.459999 2.954000 100.000000
120.279999 -15.520000 36.459999 2.954000 100.000000
120.279999 -15.520000 36.459999 2.954000 100.000000
120.279999 -15.520000 36.459999 2.954000 100.000000
120.279999 -15.520000 36.459999 2.954000 100.000000
120.279999 -15.520000 36.459999 2.954000 100.000000
120.279999 -15.520000 36.459999 2.954000 100.000000
120.279999 -15.520000 36.459999 2.954000 100.000000
120.279999 -15.520000 36.459999 2.954000 100.000000
120.279999 -15.520000 36.459999 2.954000 100.000000
120.279999 -15.520000 36.459999 2.954000 100.000000
120.279999 -15.520000 36.459999 2.954000 100.000000
120.279999 -15.520000 36.459999 2.954000 100.000000
120.279999 -15.520000 36.459999 2.954000 100.000000
120.279999 -15.520000 36.459999 2.954000 100.000000
120.279999 -15.520000 36.459999 2.954000 100.000000
120.279999 -15.520000 36.459999 2.954000 100.000000
120.279999 -15.520000 36.459999 2.954000 100.000000
120.279999 -15.520000 36.459999 2.954000 100.000000
120.279999 -15.520000 36.459999 2.954000 100.000000
120.279999 -15.520000 36.459999 2.954000 100.000000
120.279999 -15.520000 36.459999 2.954000 100.000000
120.279999 -15.520000 36.459999 2.954000 100.000000
120.279999 -15.520000 36.459999 2.954000 100.000000
120.279999 -15.520000 36.459999 2.954000 100.000000
120.279999 -15.520000 36.459999 2.954000 100.000000
120.279999 -15.520000 36.459999 2.954000 100.000000
120.279999 -15.520000 36.459999 2.954000 100.000000
120.279999 -15.520000 36.459999 2.954000 100.000000
120.279999 -15.520000 36.459999 2.954000 100.000000

120.279999 -15.520000 36.459999 2.954000 100.000000
120.279999 -15.520000 36.459999 2.954000 100.000000
120.279999 -15.520000 36.459999 2.954000 100.000000
120.279999 -15.520000 36.459999 2.954000 100.000000
120.279999 -15.520000 36.459999 2.954000 100.000000
120.279999 -15.520000 36.459999 2.954000 100.000000
120.279999 -15.520000 36.459999 2.954000 100.000000
120.279999 -15.520000 36.459999 2.954000 100.000000
120.279999 -15.520000 36.459999 2.954000 100.000000
120.279999 -15.520000 36.459999 2.954000 100.000000
120.279999 -15.520000 36.459999 2.954000 100.000000
120.279999 -15.520000 36.459999 2.954000 100.000000
120.279999 -15.520000 36.459999 2.954000 100.000000
120.279999 -15.520000 36.459999 2.954000 100.000000
120.279999 -15.520000 36.459999 2.954000 100.000000
120.279999 -15.520000 36.459999 2.954000 100.000000
120.279999 -15.520000 36.459999 2.954000 100.000000
120.279999 -15.520000 36.459999 2.954000 100.000000
120.279999 -15.520000 36.459999 2.954000 100.000000
120.279999 -15.520000 36.459999 2.954000 100.000000
120.279999 -15.520000 36.459999 2.954000 100.000000
120.279999 -15.520000 36.459999 2.954000 100.000000
120.279999 -15.520000 36.459999 2.954000 100.000000
120.279999 -15.520000 36.459999 2.954000 100.000000
120.279999 -15.520000 36.459999 2.954000 100.000000
120.279999 -15.520000 36.459999 2.954000 100.000000
120.279999 -15.520000 36.459999 2.954000 100.000000
120.279999 -15.520000 36.459999 2.954000 100.000000
120.279999 -15.520000 36.459999 2.954000 100.000000
120.279999 -15.520000 36.459999 2.954000 100.000000
120.279999 -15.520000 36.459999 2.954000 100.000000
120.279999 -15.520000 36.459999 2.954000 100.000000
120.279999 -15.520000 36.459999 2.954000 100.000000
120.279999 -15.520000 36.459999 2.954000 100.000000
120.279999 -15.520000 36.459999 2.954000 100.000000
120.279999 -15.520000 36.459999 2.954000 100.000000
120.279999 -15.520000 36.459999 2.954000 100.000000
120.279999 -15.520000 36.459999 2.954000 100.000000
120.279999 -15.520000 36.459999 2.954000 100.000000
120.279999 -15.520000 36.459999 2.954000 100.000000
120.279999 -15.520000 36.459999 2.954000 100.000000
120.279999 -15.520000 36.459999 2.954000 100.000000
120.279999 -15.520000 36.459999 2.954000 100.000000
120.279999 -15.520000 36.459999 2.954000 100.000000
120.279999 -15.520000 36.459999 2.954000 100.000000
120.279999 -15.520000 36.459999 2.954000 100.000000
120.279999 -15.520000 36.459999 2.954000 100.000000
120.279999 -15.520000 36.459999 2.954000 100.000000
120.279999 -15.520000 36.459999 2.954000 100.000000
120.279999 -15.520000 36.459999 2.954000 100.000000

120.279999 -15.520000 36.459999 2.954000 100.000000
120.279999 -15.520000 36.459999 2.954000 100.000000
120.279999 -15.520000 36.459999 2.954000 100.000000
120.279999 -15.520000 36.459999 2.954000 100.000000
120.279999 -15.520000 36.459999 2.954000 100.000000
120.279999 -15.520000 36.459999 2.954000 100.000000
120.279999 -15.520000 36.459999 2.954000 100.000000
120.279999 -15.520000 36.459999 2.954000 100.000000
120.279999 -15.520000 36.459999 2.954000 100.000000
120.279999 -15.520000 36.459999 2.954000 100.000000
120.279999 -15.520000 36.459999 2.954000 100.000000
120.279999 -15.520000 36.459999 2.954000 100.000000
120.279999 -15.520000 36.459999 2.954000 100.000000
120.279999 -15.520000 36.459999 2.954000 100.000000
120.279999 -15.520000 36.459999 2.954000 100.000000
120.279999 -15.520000 36.459999 2.954000 100.000000
120.279999 -15.520000 36.459999 2.954000 100.000000
120.279999 -15.520000 36.459999 2.954000 100.000000
120.279999 -15.520000 36.459999 2.954000 100.000000
120.279999 -15.520000 36.459999 2.954000 100.000000
120.279999 -15.520000 36.459999 2.954000 100.000000
120.279999 -15.520000 36.459999 2.954000 100.000000
120.279999 -15.520000 36.459999 2.954000 100.000000
120.279999 -15.520000 36.459999 2.954000 100.000000
120.279999 -15.520000 36.459999 2.954000 100.000000
120.279999 -15.520000 36.459999 2.954000 100.000000
120.279999 -15.520000 36.459999 2.954000 100.000000
120.279999 -15.520000 36.459999 2.954000 100.000000
120.279999 -15.520000 36.459999 2.954000 100.000000
120.279999 -15.520000 36.459999 2.954000 100.000000
120.279999 -15.520000 36.459999 2.954000 100.000000
120.279999 -15.520000 36.459999 2.954000 100.000000
120.279999 -15.520000 36.459999 2.954000 100.000000
120.279999 -15.520000 36.459999 2.954000 100.000000
120.279999 -15.520000 36.459999 2.954000 100.000000
120.279999 -15.520000 36.459999 2.954000 100.000000
120.279999 -15.520000 36.459999 2.954000 100.000000
120.279999 -15.520000 36.459999 2.954000 100.000000
120.279999 -15.520000 36.459999 2.954000 100.000000
120.279999 -15.520000 36.459999 2.954000 100.000000
120.279999 -15.520000 36.459999 2.954000 100.000000
120.279999 -15.520000 36.459999 2.954000 100.000000
120.279999 -15.520000 36.459999 2.954000 100.000000
120.279999 -15.520000 36.459999 2.954000 100.000000
120.279999 -15.520000 36.459999 2.954000 100.000000
120.279999 -15.520000 36.459999 2.954000 100.000000
120.279999 -15.520000 36.459999 2.954000 100.000000
120.279999 -15.520000 36.459999 2.954000 100.000000
120.279999 -15.520000 36.459999 2.954000 100.000000
120.279999 -15.520000 36.459999 2.954000 100.000000

120.279999 -15.520000 36.459999 2.954000 100.000000
120.279999 -15.520000 36.459999 2.954000 100.000000
120.279999 -15.520000 36.459999 2.954000 100.000000
120.279999 -15.520000 36.459999 2.954000 100.000000
120.279999 -15.520000 36.459999 2.954000 100.000000
120.279999 -15.520000 36.459999 2.954000 100.000000
120.279999 -15.520000 36.459999 2.954000 100.000000
120.279999 -15.520000 36.459999 2.954000 100.000000
120.279999 -15.520000 36.459999 2.954000 100.000000
120.279999 -15.520000 36.459999 2.954000 100.000000
120.279999 -15.520000 36.459999 2.954000 100.000000
120.279999 -15.520000 36.459999 2.954000 100.000000
120.279999 -15.520000 36.459999 2.954000 100.000000
120.279999 -15.520000 36.459999 2.954000 100.000000
120.279999 -15.520000 36.459999 2.954000 100.000000
120.279999 -15.520000 36.459999 2.954000 100.000000
120.279999 -15.520000 36.459999 2.954000 100.000000
120.279999 -15.520000 36.459999 2.954000 100.000000
120.279999 -15.520000 36.459999 2.954000 100.000000
120.279999 -15.520000 36.459999 2.954000 100.000000
120.279999 -15.520000 36.459999 2.954000 100.000000
120.279999 -15.520000 36.459999 2.954000 100.000000
120.279999 -15.520000 36.459999 2.954000 100.000000
120.279999 -15.520000 36.459999 2.954000 100.000000
120.279999 -15.520000 36.459999 2.954000 100.000000
120.279999 -15.520000 36.459999 2.954000 100.000000
120.279999 -15.520000 36.459999 2.954000 100.000000
120.279999 -15.520000 36.459999 2.954000 100.000000
120.279999 -15.520000 36.459999 2.954000 100.000000
120.279999 -15.520000 36.459999 2.954000 100.000000
120.279999 -15.520000 36.459999 2.954000 100.000000
120.279999 -15.520000 36.459999 2.954000 100.000000
120.279999 -15.520000 36.459999 2.954000 100.000000
120.279999 -15.520000 36.459999 2.954000 100.000000
120.279999 -15.520000 36.459999 2.954000 100.000000
120.279999 -15.520000 36.459999 2.954000 100.000000
120.279999 -15.520000 36.459999 2.954000 100.000000
120.279999 -15.520000 36.459999 2.954000 100.000000
120.279999 -15.520000 36.459999 2.954000 100.000000
120.279999 -15.520000 36.459999 2.954000 100.000000
120.279999 -15.520000 36.459999 2.954000 100.000000
120.279999 -15.520000 36.459999 2.954000 100.000000
120.279999 -15.520000 36.459999 2.954000 100.000000
120.279999 -15.520000 36.459999 2.954000 100.000000
120.279999 -15.520000 36.459999 2.954000 100.000000
120.279999 -15.520000 36.459999 2.954000 100.000000
120.279999 -15.520000 36.459999 2.954000 100.000000
120.279999 -15.520000 36.459999 2.954000 100.000000
120.279999 -15.520000 36.459999 2.954000 100.000000
120.279999 -15.520000 36.459999 2.954000 100.000000

120.279999 -15.520000 36.459999 2.954000 100.000000
120.279999 -15.520000 36.459999 2.954000 100.000000
120.279999 -15.520000 36.459999 2.954000 100.000000
120.279999 -15.520000 36.459999 2.954000 100.000000
120.279999 -15.520000 36.459999 2.954000 100.000000
120.279999 -15.520000 36.459999 2.954000 100.000000
120.279999 -15.520000 36.459999 2.954000 100.000000
120.279999 -15.520000 36.459999 2.954000 100.000000
120.279999 -15.520000 36.459999 2.954000 100.000000
120.279999 -15.520000 36.459999 2.954000 100.000000
120.279999 -15.520000 36.459999 2.954000 100.000000
120.279999 -15.520000 36.459999 2.954000 100.000000
120.279999 -15.520000 36.459999 2.954000 100.000000
120.279999 -15.520000 36.459999 2.954000 100.000000
120.279999 -15.520000 36.459999 2.954000 100.000000
120.279999 -15.520000 36.459999 2.954000 100.000000
120.279999 -15.520000 36.459999 2.954000 100.000000
120.279999 -15.520000 36.459999 2.954000 100.000000
120.279999 -15.520000 36.459999 2.954000 100.000000
120.279999 -15.520000 36.459999 2.954000 100.000000
120.279999 -15.520000 36.459999 2.954000 100.000000
120.279999 -15.520000 36.459999 2.954000 100.000000
120.279999 -15.520000 36.459999 2.954000 100.000000
120.279999 -15.520000 36.459999 2.954000 100.000000
120.279999 -15.520000 36.459999 2.954000 100.000000
120.279999 -15.520000 36.459999 2.954000 100.000000
120.279999 -15.520000 36.459999 2.954000 100.000000
120.279999 -15.520000 36.459999 2.954000 100.000000
120.279999 -15.520000 36.459999 2.954000 100.000000
120.279999 -15.520000 36.459999 2.954000 100.000000
120.279999 -15.520000 36.459999 2.954000 100.000000
120.279999 -15.520000 36.459999 2.954000 100.000000
120.279999 -15.520000 36.459999 2.954000 100.000000
120.279999 -15.520000 36.459999 2.954000 100.000000
120.279999 -15.520000 36.459999 2.954000 100.000000
120.279999 -15.520000 36.459999 2.954000 100.000000
120.279999 -15.520000 36.459999 2.954000 100.000000
120.279999 -15.520000 36.459999 2.954000 100.000000
120.279999 -15.520000 36.459999 2.954000 100.000000
120.279999 -15.520000 36.459999 2.954000 100.000000
120.279999 -15.520000 36.459999 2.954000 100.000000
120.279999 -15.520000 36.459999 2.954000 100.000000
120.279999 -15.520000 36.459999 2.954000 100.000000
120.279999 -15.520000 36.459999 2.954000 100.000000
120.279999 -15.520000 36.459999 2.954000 100.000000
120.279999 -15.520000 36.459999 2.954000 100.000000
120.279999 -15.520000 36.459999 2.954000 100.000000
120.279999 -15.520000 36.459999 2.954000 100.000000
120.279999 -15.520000 36.459999 2.954000 100.000000
120.279999 -15.520000 36.459999 2.954000 100.000000

120.279999 -15.520000 36.459999 2.954000 100.000000
120.279999 -15.520000 36.459999 2.954000 100.000000
120.279999 -15.520000 36.459999 2.954000 100.000000
120.279999 -15.520000 36.459999 2.954000 100.000000
120.279999 -15.520000 36.459999 2.954000 100.000000
120.279999 -15.520000 36.459999 2.954000 100.000000
120.279999 -15.520000 36.459999 2.954000 100.000000
120.279999 -15.520000 36.459999 2.954000 100.000000
120.279999 -15.520000 36.459999 2.954000 100.000000
120.279999 -15.520000 36.459999 2.954000 100.000000
120.279999 -15.520000 36.459999 2.954000 100.000000
120.279999 -15.520000 36.459999 2.954000 100.000000
120.279999 -15.520000 36.459999 2.954000 100.000000
120.279999 -15.520000 36.459999 2.954000 100.000000
120.279999 -15.520000 36.459999 2.954000 100.000000
120.279999 -15.520000 36.459999 2.954000 100.000000
120.279999 -15.520000 36.459999 2.954000 100.000000
120.279999 -15.520000 36.459999 2.954000 100.000000
120.279999 -15.520000 36.459999 2.954000 100.000000
120.279999 -15.520000 36.459999 2.954000 100.000000
120.279999 -15.520000 36.459999 2.954000 100.000000
120.279999 -15.520000 36.459999 2.954000 100.000000
120.279999 -15.520000 36.459999 2.954000 100.000000
120.279999 -15.520000 36.459999 2.954000 100.000000
120.279999 -15.520000 36.459999 2.954000 100.000000
120.279999 -15.520000 36.459999 2.954000 100.000000
120.279999 -15.520000 36.459999 2.954000 100.000000
120.279999 -15.520000 36.459999 2.954000 100.000000
120.279999 -15.520000 36.459999 2.954000 100.000000
120.279999 -15.520000 36.459999 2.954000 100.000000
120.279999 -15.520000 36.459999 2.954000 100.000000
120.279999 -15.520000 36.459999 2.954000 100.000000
120.279999 -15.520000 36.459999 2.954000 100.000000
120.279999 -15.520000 36.459999 2.954000 100.000000
120.279999 -15.520000 36.459999 2.954000 100.000000
120.279999 -15.520000 36.459999 2.954000 100.000000
120.279999 -15.520000 36.459999 2.954000 100.000000
120.279999 -15.520000 36.459999 2.954000 100.000000
120.279999 -15.520000 36.459999 2.954000 100.000000
120.279999 -15.520000 36.459999 2.954000 100.000000
120.279999 -15.520000 36.459999 2.954000 100.000000
120.279999 -15.520000 36.459999 2.954000 100.000000
120.279999 -15.520000 36.459999 2.954000 100.000000
120.279999 -15.520000 36.459999 2.954000 100.000000
120.279999 -15.520000 36.459999 2.954000 100.000000
120.279999 -15.520000 36.459999 2.954000 100.000000
120.279999 -15.520000 36.459999 2.954000 100.000000
120.279999 -15.520000 36.459999 2.954000 100.000000
120.279999 -15.520000 36.459999 2.954000 100.000000
120.279999 -15.520000 36.459999 2.954000 100.000000

120.279999 -15.520000 36.459999 2.954000 100.000000
120.279999 -15.520000 36.459999 2.954000 100.000000
120.279999 -15.520000 36.459999 2.954000 100.000000
120.279999 -15.520000 36.459999 2.954000 100.000000
120.279999 -15.520000 36.459999 2.954000 100.000000
120.279999 -15.520000 36.459999 2.954000 100.000000
120.279999 -15.520000 36.459999 2.954000 100.000000
120.279999 -15.520000 36.459999 2.954000 100.000000
120.279999 -15.520000 36.459999 2.954000 100.000000
120.279999 -15.520000 36.459999 2.954000 100.000000
120.279999 -15.520000 36.459999 2.954000 100.000000
120.279999 -15.520000 36.459999 2.954000 100.000000
120.279999 -15.520000 36.459999 2.954000 100.000000
120.279999 -15.520000 36.459999 2.954000 100.000000
120.279999 -15.520000 36.459999 2.954000 100.000000
120.279999 -15.520000 36.459999 2.954000 100.000000
120.279999 -15.520000 36.459999 2.954000 100.000000
120.279999 -15.520000 36.459999 2.954000 100.000000
120.279999 -15.520000 36.459999 2.954000 100.000000
120.279999 -15.520000 36.459999 2.954000 100.000000
120.279999 -15.520000 36.459999 2.954000 100.000000
120.279999 -15.520000 36.459999 2.954000 100.000000
120.279999 -15.520000 36.459999 2.954000 100.000000
120.279999 -15.520000 36.459999 2.954000 100.000000
120.279999 -15.520000 36.459999 2.954000 100.000000
120.279999 -15.520000 36.459999 2.954000 100.000000
120.279999 -15.520000 36.459999 2.954000 100.000000
120.279999 -15.520000 36.459999 2.954000 100.000000
120.279999 -15.520000 36.459999 2.954000 100.000000
120.279999 -15.520000 36.459999 2.954000 100.000000
120.279999 -15.520000 36.459999 2.954000 100.000000
120.279999 -15.520000 36.459999 2.954000 100.000000
120.279999 -15.520000 36.459999 2.954000 100.000000
120.279999 -15.520000 36.459999 2.954000 100.000000
120.279999 -15.520000 36.459999 2.954000 100.000000
120.279999 -15.520000 36.459999 2.954000 100.000000
120.279999 -15.520000 36.459999 2.954000 100.000000
120.279999 -15.520000 36.459999 2.954000 100.000000
120.279999 -15.520000 36.459999 2.954000 100.000000
120.279999 -15.520000 36.459999 2.954000 100.000000
120.279999 -15.520000 36.459999 2.954000 100.000000
120.279999 -15.520000 36.459999 2.954000 100.000000
120.279999 -15.520000 36.459999 2.954000 100.000000
120.279999 -15.520000 36.459999 2.954000 100.000000
120.279999 -15.520000 36.459999 2.954000 100.000000
120.279999 -15.520000 36.459999 2.954000 100.000000
120.279999 -15.520000 36.459999 2.954000 100.000000
120.279999 -15.520000 36.459999 2.954000 100.000000
120.279999 -15.520000 36.459999 2.954000 100.000000
120.279999 -15.520000 36.459999 2.954000 100.000000

120.279999 -15.520000 36.459999 2.954000 100.000000
120.279999 -15.520000 36.459999 2.954000 100.000000
120.279999 -15.520000 36.459999 2.954000 100.000000
120.279999 -15.520000 36.459999 2.954000 100.000000
120.279999 -15.520000 36.459999 2.954000 100.000000
120.279999 -15.520000 36.459999 2.954000 100.000000
120.279999 -15.520000 36.459999 2.954000 100.000000
120.279999 -15.520000 36.459999 2.954000 100.000000
120.279999 -15.520000 36.459999 2.954000 100.000000
120.279999 -15.520000 36.459999 2.954000 100.000000
120.279999 -15.520000 36.459999 2.954000 100.000000
120.279999 -15.520000 36.459999 2.954000 100.000000
120.279999 -15.520000 36.459999 2.954000 100.000000
120.279999 -15.520000 36.459999 2.954000 100.000000
120.279999 -15.520000 36.459999 2.954000 100.000000
120.279999 -15.520000 36.459999 2.954000 100.000000
120.279999 -15.520000 36.459999 2.954000 100.000000
120.279999 -15.520000 36.459999 2.954000 100.000000
120.279999 -15.520000 36.459999 2.954000 100.000000
120.279999 -15.520000 36.459999 2.954000 100.000000
120.279999 -15.520000 36.459999 2.954000 100.000000
120.279999 -15.520000 36.459999 2.954000 100.000000
120.279999 -15.520000 36.459999 2.954000 100.000000
120.279999 -15.520000 36.459999 2.954000 100.000000
120.279999 -15.520000 36.459999 2.954000 100.000000
120.279999 -15.520000 36.459999 2.954000 100.000000
120.279999 -15.520000 36.459999 2.954000 100.000000
120.279999 -15.520000 36.459999 2.954000 100.000000
120.279999 -15.520000 36.459999 2.954000 100.000000
120.279999 -15.520000 36.459999 2.954000 100.000000
120.279999 -15.520000 36.459999 2.954000 100.000000
120.279999 -15.520000 36.459999 2.954000 100.000000
120.279999 -15.520000 36.459999 2.954000 100.000000
120.279999 -15.520000 36.459999 2.954000 100.000000
120.279999 -15.520000 36.459999 2.954000 100.000000
120.279999 -15.520000 36.459999 2.954000 100.000000
120.279999 -15.520000 36.459999 2.954000 100.000000
120.279999 -15.520000 36.459999 2.954000 100.000000
120.279999 -15.520000 36.459999 2.954000 100.000000
120.279999 -15.520000 36.459999 2.954000 100.000000
120.279999 -15.520000 36.459999 2.954000 100.000000
120.279999 -15.520000 36.459999 2.954000 100.000000
120.279999 -15.520000 36.459999 2.954000 100.000000
120.279999 -15.520000 36.459999 2.954000 100.000000
120.279999 -15.520000 36.459999 2.954000 100.000000
120.279999 -15.520000 36.459999 2.954000 100.000000
120.279999 -15.520000 36.459999 2.954000 100.000000
120.279999 -15.520000 36.459999 2.954000 100.000000
120.279999 -15.520000 36.459999 2.954000 100.000000
120.279999 -15.520000 36.459999 2.954000 100.000000

