35
 120.22 -14.92 147.58	 0.796 100 
 120.86 -14.42 173.05	 0.782 100 
 127.98 -14.31 195.60	 0.593 100 
 136.99 -14.25 213.31	 0.672 100 
 146.30 -14.12 231.86	 1.703 100 
 150.16 -14.13 267.64	 1.157 100 
 131.18 -14.28 282.39	 1.656 100 
 95.69 -14.68 275.90	 0.969 100 
 80.32 -15.09 257.62	 1.172 100 
 80.57 -15.24 230.20	 1.421 100 
 87.00 -14.80 197.61	 0.813 100 
 79.31 -14.68 182.73	 0.828 100 
 67.16 -14.78 177.62	 0.563 100 
 56.51 -14.96 177.95	 1.328 100 
 39.02 -15.40 192.55	 2.047 100 
 27.86 -15.56 240.32	 0.656 100 
 22.61 -15.67 258.53	 1.594 100 
 3.76 -14.62 285.05	 0.484 100 
 -4.55 -14.61 286.51	 0.469 100 
 -13.05 -14.70 284.88 0.922 	100 
 -26.22 -15.23 272.86 3.343 	100 
 -57.71 -15.64 183.71 0.485 	100
 -57.74 -15.60 169.34 0.562 	100 
 -53.55 -15.54 153.04 0.735 	100 
 -45.43 -15.52 131.96 6.125  100 
 -123.85 -15.52 -44.1 0.468 	100 
 -126.45 -15.54 -59.8 0.719 	100 
 -128.91 -15.54 -86.4 1.109 	100 
 -123.97 -15.26 -126. 0.672 	100 
 -112.53 -15.31 -147. 1.328 	100 
 -77.99 -15.53 -169.5 1.454  100 
 -29.59 -15.62 -171.7 0.593 	100 
 -8.35 -15.74 -172.32 0.485 	100 
 7.08 -15.67 -172.78	 0.609 100 
 24.09 -15.54 -174.66 1.031 	100 
 41.24 -15.53 -184.07 1.328 	100 
 44.79 -15.79 -208.70 1.266 	100 
 56.72 -15.29 -237.49 1.063 	100 
 78.02 -14.68 -260.11 0.859 	100 
 100.08 -14.75 -277.7 1.266 	100 
 127.38 -14.12 -284.5 0.75 	100 
 138.32 -14.29 -275.9 0.468 	100 
 142.15 -14.71 -267.5 0.907 	100 
 148.30 -15.39 -247.0 1.671 	100 
 160.65 -14.73 -198.8 0.563 	100 
 162.74 -14.31 -184.0 1.203 	100 
 155.79 -13.98 -163.2 1.688 	100 
 131.37 -14.21 -135.7 1.218 	100 
 122.74 -15.06 -102.4 3.766 	100 
 118.20 -15.53 36.75	 4.454 100
 
 121.92 -14.92 147.87	 0.765 100 
 124.13 -14.43 172.90	 0.688 100 
 128.70 -14.30 195.12	 0.594 100 
 137.68 -14.23 212.61	 0.734 100 
 151.06 -13.96 229.58	 1.75  100 
 152.56 -14.11 268.32	 1.125 100 
 132.21 -14.27 284.58	 1.641 100 
 96.75 -14.73 273.76	 0.859 100 
 81.27 -15.09 257.36	 1.172 100 
 78.31 -15.29 229.21	 1.437 100 
 86.11 -14.84 197.94	 1.047 100 
 78.30 -14.69 183.04	 0.75  100 
 68.31 -14.70 173.49	 0.844 100
 52.49 -14.85 171.54	 1.422 100
 36.66 -15.39 191.95	 1.89  100 
 26.68 -15.54 240.11	 0.594 100
 23.04 -15.69 258.36	 1.422 100 
 3.54 -14.65 284.71	 0.453 100 
 -4.57 -14.63 286.01	 0.453 100 
 -12.52 -14.70 283.97 0.844 	100 
 -23.89 -15.28 272.24 3.328 	100 
 -55.96 -15.64 183.23 0.485 	100 
 -56.31 -15.61 169.72 0.656 	100 
 -51.66 -15.62 154.37 1.062 	100 
 -39.92 -15.35 130.44 6.297 	100 
 -123.55 -15.52 -43.8 0.438	100 
 -128.52 -15.54 -58.9 0.828	100 
 -130.85 -15.52 -86.5 1.156	100 
 -120.32 -15.32 -124. 0.641	100 
 -107.98 -15.38 -143. 1.062	100 
 -77.06 -15.52 -166.8 1.297	100 
 -29.82 -15.63 -174.0 0.578	100 
 -8.24 -15.75 -172.92 0.438 	100 
 7.20 -15.67 -172.25	 0.609 100 
 24.64 -15.51 -173.25 1.031 	100 
 44.58 -15.46 -183.16 1.391 	100 
 46.12 -15.78 -208.19 1.469 	100 
 52.74 -15.09 -240.14 1.156 	100 
 76.08 -14.48 -261.70 0.906 	100 
 99.85 -14.74 -277.86 1.141 	100 
 127.21 -14.34 -281.9 0.594	100 
 138.44 -14.28 -275.9 0.453	100 
 144.94 -14.56 -268.0 0.922	100 
 151.64 -15.27 -246.7 1.546	100 
 162.70 -14.77 -200.0 0.563 	100 
 162.88 -14.31 -184.0 0.859 	100 
 154.26 -13.97 -164.1 1.297 	100 
 131.76 -14.21 -135.3 1.047 	100 
 124.49 -15.07 -102.4 3.672  100 
 124.03 -15.52 36.72	 2.969 100 

 119.79 -14.92 147.55	 0.843 100 
 120.64 -14.42 173.07	 0.766 100 
 128.83 -14.30 195.48	 0.594 100 
 137.83 -14.23 212.86	 0.687 100 
 149.12 -14.04 230.35	 1.672 100 
 149.56 -14.14 267.24	 1.235 100 
 131.29 -14.27 282.45	 1.765 100 
 100.49 -14.61 266.66	 0.703 100 
 86.77 -14.96 255.29	 1.344 100 
 77.12 -15.31 229.10	 1.594 100 
 87.09 -14.80 197.76	 0.844 100 
 80.40 -14.63 182.07	 0.687 100 
 68.19 -14.70 173.48	 0.719 100 
 52.61 -14.85 171.58	 1.406 100 
 33.18 -15.32 191.03	 2.125 100 
 27.89 -15.56 240.76	 0.641 100 
 23.94 -15.69 258.63	 1.187 100 
 6.03 -14.40 287.83	 0.828 100 
 -5.95 -14.07 296.38	 0.907 100 
 -17.85 -14.44 292.28 1.187 	100 
 -26.15 -15.23 272.94 3.375 	100 
 -55.74 -15.63 183.29 0.547 	100 
 -56.01 -15.60 169.95 0.672 	100 
 -50.28 -15.62 155.69 0.937 	100 
 -43.98 -15.54 131.86 5.61   100 
 -122.46 -15.52 -44.2 0.468	100 
 -126.74 -15.54 -59.7 0.75 	100 
 -128.32 -15.54 -85.8 1.172	100 
 -121.74 -15.29 -125. 0.672	100 
 -110.53 -15.34 -145. 1.172	100 
 -77.67 -15.53 -168.8 1.344	100 
 -29.89 -15.62 -172.3 0.594	100 
 -8.34 -15.74 -171.85 0.5    100 
 7.11 -15.65 -171.86	 0.703 100 
 23.61 -15.56 -175.32 0.734 	100 
 35.07 -15.63 -185.74 1.031 	100 
 42.95 -15.81 -208.67 1.11 	100 
 55.68 -15.26 -238.10 0.953 	100 
 75.48 -14.37 -262.92 0.844 	100 
 99.37 -14.57 -280.33 1.062 	100 
 127.11 -14.23 -283.4 0.734  100 
 138.05 -14.30 -276.0 0.594 	100 
 141.00 -14.72 -267.4 1.313 	100 
 135.73 -15.50 -246.2 2.281 	100 
 158.06 -14.67 -197.1 0.625 	100 
 161.47 -14.31 -184.2 0.937 	100 
 157.82 -13.99 -162.3 1.454 	100 
 132.43 -14.22 -134.7 1.328 	100 
 127.96 -15.07 -102.7 5.297 	100 
 119.03 -15.52 36.26	 2.969 100 
   
 120.44 -14.92 147.74	 0.703 100 
 122.70 -14.43 172.99	 0.75  100 
 129.68 -14.30 195.09	 0.578 100 
 139.47 -14.20 211.00	 0.719 100 
 150.10 -14.00 229.92	 1.75  100 
 144.77 -14.19 265.37	 0.797 100 
 128.94 -14.23 275.62	 1.453 100 
 94.64 -14.66 277.81	 1.234 100 
 79.64 -15.09 257.91	 1.157 100 
 82.90 -15.19 230.94	 1.281 100 
 87.13 -14.79 197.47	 0.781 100 
 81.18 -14.60 181.52	 0.797 100 
 68.39 -14.70 173.62	 0.75  100 
 55.31 -14.96 176.06	 1.094 100 
 43.62 -15.48 194.13	 1.797 100 
 31.29 -15.60 240.80	 0.609 100 
 24.30 -15.70 258.72	 1.375 100 
 2.63 -14.74 283.76	 0.312 100
 -4.50 -14.64 286.15	 0.454 100 
 -14.11 -14.64 286.81 1.078 	100 
 -32.32 -15.10 275.05 3.343 	100 
 -57.35 -15.64 183.68 0.485 	100 
 -56.02 -15.62 170.09 0.594 	100 
 -50.26 -15.62 155.31 0.796 	100 
 -44.83 -15.54 131.65 5.641 	100 
 -125.42 -15.52 -43.5 0.422 	100 
 -128.79 -15.53 -58.7 0.781 	100 
 -127.78 -15.54 -85.8 1.016 	100 
 -114.19 -15.15 -121. 0.594 	100 
 -104.75 -15.30 -141. 1.125 	100 
 -77.46 -15.53 -169.0 1.343  100 
 -31.16 -15.63 -179.9 0.672 	100 
 -7.82 -15.75 -175.12 0.438 	100 
 7.28 -15.65 -171.55	 0.625 100 
 25.78 -15.43 -170.06 1.531 	100 
 46.57 -15.44 -182.41 1.719 	100 
 47.77 -15.77 -208.06 1.422 	100 
 62.35 -15.47 -233.72 1.14 	100 
 78.15 -14.71 -259.66 0.922 	100 
 100.33 -14.86 -276.1 1.125 	100 
 127.37 -14.09 -284.9 0.875 	100 
 139.68 -14.06 -277.7 0.625 	100 
 143.80 -14.64 -267.7 0.984 	100 
 150.83 -15.30 -246.7 1.688 	100 
 160.73 -14.73 -198.7 0.531 	100 
 161.87 -14.30 -183.9 0.922 	100 
 155.54 -13.97 -163.4 1.531 	100 
 128.07 -14.15 -138.7 1.391 	100 
 118.99 -15.05 -102.4 4.031 	100 
 118.42 -15.52 36.38	 2.984 100 

 119.49 -14.92 147.41	 0.719 100 
 122.69 -14.43 172.76	 0.797 100 
 129.35 -14.30 195.38	 0.593 100 
 138.30 -14.22 212.14	 0.719 100 
 148.75 -14.05 230.69	 1.625 100 
 148.77 -14.16 267.02	 1.219 100 
 131.15 -14.28 281.75	 1.75  100 
 97.47 -14.71 272.18	 0.922 100 
 80.77 -15.08 257.69	 1.343 100 
 78.31 -15.29 229.55	 1.266 100 
 85.09 -14.87 197.90	 1.016 100 
 81.44 -14.59 181.51	 0.875 100 
 67.91 -14.76 175.65	 0.656 100 
 54.59 -14.93 174.74	 1.375 100 
 35.73 -15.35 191.63	 2.141 100 
 31.96 -15.59 241.14	 0.64  100 
 25.15 -15.70 258.86	 1.219 100 
 5.51 -14.47 287.02	 0.687 100 
 -5.41 -14.26 292.45	 0.75  100 
 -15.78 -14.55 289.34 1.157 	100 
 -21.83 -15.27 271.67 3.593 	100 
 -55.37 -15.62 183.33 0.563 	100 
 -55.52 -15.60 169.94 0.734 	100 
 -50.77 -15.61 154.86 0.844 	100 
 -49.30 -15.54 132.96 5.484 	100 
 -127.34 -15.52 -42.8 0.422 	100 
 -130.39 -15.53 -58.2 0.782 	100 
 -130.86 -15.53 -87.0 1.046 	100 
 -118.66 -15.34 -124. 0.61 	100 
 -107.37 -15.39 -142. 1.125 	100 
 -76.45 -15.52 -164.6 1.312 	100 
 -29.73 -15.63 -172.6 0.61 	100 
 -7.98 -15.75 -173.85 0.515 	100 
 7.75 -15.69 -174.40	 0.641 100 
 22.98 -15.60 -177.04 0.719 	100 
 34.63 -15.63 -185.70 1.062 	100 
 44.17 -15.81 -208.44 1.11 	100 
 57.87 -15.35 -236.80 0.953 	100 
 78.55 -14.75 -259.40 0.812 	100 
 99.51 -14.69 -278.40 1.203 	100 
 127.58 -14.00 -285.9 0.922 	100 
 138.79 -14.22 -276.4 0.516 	100 
 141.87 -14.73 -267.3 0.953 	100 
 149.02 -15.37 -246.9 1.719 	100 
 160.68 -14.72 -198.3 0.468 	100 
 161.85 -14.31 -184.1 0.954 	100 
 158.17 -13.99 -162.3 1.578 	100 
 132.00 -14.22 -134.7 1.203 	100 
 124.63 -15.08 -102.2 3.781 	100 
 122.39 -15.52 36.62	 2.969 100 
 
 120.73 -14.91 147.82	 0.782 100 
 120.88 -14.42 173.16	 0.718 100 
 127.41 -14.30 195.73	 0.594 100 
 137.62 -14.24 212.97	 0.735 100 
 149.26 -14.03 230.64	 1.718 100 
 146.28 -14.20 266.17	 1.078 100 
 130.37 -14.28 279.28	 1.657 100 
 100.63 -14.61 266.73	 0.718 100 
 87.38 -14.94 255.15	 1.204 100 
 78.27 -15.28 229.10	 1.5   100 
 86.45 -14.82 197.75	 0.953 100 
 79.77 -14.66 182.39	 0.734 100 
 68.65 -14.67 172.48	 0.984 100 
 51.97 -14.84 170.91	 1.516 100 
 41.18 -15.45 193.10	 1.969 100 
 26.80 -15.54 240.17	 0.609 100 
 21.27 -15.67 258.30	 1.391 100 
 4.14 -14.59 285.46	 0.531 100 
 -4.82 -14.56 287.26	 0.484 100 
 -12.96 -14.69 284.55 0.875 	100 
 -22.86 -15.28 271.75 3.36   100 
 -56.99 -15.64 183.50 0.437 	100
 -55.85 -15.62 170.06 0.516 	100 
 -51.85 -15.62 154.63 0.656 	100 
 -46.93 -15.54 132.40 5.719 	100 
 -128.75 -15.53 -42.6 0.422 	100 
 -131.51 -15.53 -58.1 0.812 	100 
 -131.78 -15.52 -87.1 1.125 	100 
 -114.32 -15.15 -121. 0.719 	100 
 -101.73 -15.18 -138. 1.109 	100 
 -74.98 -15.52 -161.0 1.297  100 
 -30.19 -15.62 -172.4 0.594 	100 
 -7.92 -15.72 -171.71 0.453 	100 
 6.85 -15.67 -171.30	 0.656 100 
 24.38 -15.51 -173.54 0.891 	100 
 39.40 -15.55 -184.49 1.125 	100 
 45.72 -15.79 -208.56 1.141 	100 
 58.03 -15.35 -236.97 0.968 	100 
 77.66 -14.68 -259.81 0.86 	100 
 100.39 -14.82 -276.9 1.156 	100 
 127.38 -14.13 -284.5 0.719 	100 
 139.17 -14.14 -277.1 0.515 	100 
 144.26 -14.60 -268.0 0.938 	100 
 146.79 -15.45 -246.8 1.781 	100 
 161.31 -14.73 -198.6 0.469 	100 
 161.91 -14.30 -183.9 0.859 	100 
 158.29 -13.99 -162.5 5.953 	100 
 139.97 -14.13 -128.4 1.485 	100 
 128.26 -15.07 -102.3 4.219 	100 
 118.76 -15.52 36.79	 2.984 100 
         
 120.87 -14.93 147.29	 0.734 100 
 123.22 -14.43 172.98	 0.704 100 
 129.53 -14.30 194.85	 0.578 100 
 137.82 -14.23 213.02	 0.703 100 
 149.44 -14.02 230.21	 2.125 100 
 145.09 -14.17 265.52	 1.047 100 
 130.30 -14.29 279.58	 1.703 100 
 95.07 -14.66 277.39	 1.172 100 
 81.01 -15.09 257.25	 1.062 100 
 82.21 -15.20 230.52	 1.172 100 
 87.31 -14.78 197.40	 0.844 100 
 84.01 -14.49 180.06	 1.109 100 
 68.64 -14.68 173.25	 0.75  100 
 56.69 -14.94 178.54	 1.031 100 
 41.26 -15.44 193.36	 1.782 100 
 27.79 -15.56 240.29	 0.578 100 
 22.72 -15.69 258.25	 1.344 100 
 3.86 -14.64 284.89	 0.468 100 
 -4.51 -14.59 286.78	 0.485 100 
 -12.95 -14.69 284.67 0.937 	100 
 -22.79 -15.27 271.88 3.547 	100 
 -56.61 -15.64 183.82 0.547 	100 
 -54.98 -15.56 170.29 0.672 	100 
 -49.39 -15.61 156.03 0.89 	100 
 -46.67 -15.56 132.32 5.532 	100 
 -125.00 -15.52 -43.8 0.453 	100 
 -128.57 -15.54 -59.1 0.765 	100 
 -127.22 -15.53 -85.8 1.063 	100 
 -117.96 -15.31 -123. 0.656 	100 
 -107.53 -15.38 -143. 1.188 	100 
 -76.80 -15.52 -166.8 1.39 	100 
 -29.86 -15.62 -170.0 0.578 	100 
 -8.34 -15.67 -169.67 0.485 	100 
 7.04 -15.64 -171.04	 0.64  100 
 23.37 -15.58 -175.99 0.672 	100 
 35.00 -15.63 -185.76 1.078 	100 
 41.51 -15.83 -209.12 1.188 	100 
 55.93 -15.26 -238.21 1      100 
 75.21 -14.33 -263.21 0.875 	100
 100.13 -14.75 -277.9 1.078  100 
 127.25 -14.17 -283.9 0.781 	100 
 139.50 -14.10 -277.3 0.594 	100 
 144.87 -14.59 -267.7 0.969 	100 
 152.34 -15.24 -246.7 1.719 	100 
 159.62 -14.70 -197.9 0.5 	100 
 160.24 -14.30 -183.9 0.953 	100 
 154.36 -13.97 -164.0 1.531  100 
 132.17 -14.22 -135.1 1.141 	100 
 125.84 -15.09 -102.0 3.703 	100 
 119.69 -15.52 36.51	 2.937 100
      
 120.14 -14.91 147.73	 0.782 100 
 119.92 -14.41 173.15	 0.906 100 
 126.17 -14.31 196.18	 0.781 100 
 138.77 -14.21 211.37	 0.844 100 
 150.36 -13.99 229.71	 2.047 100 
 147.09 -14.18 266.16	 1.312 100 
 130.87 -14.28 280.94	 1.844 100
 95.21 -14.67 277.05	 1.078 100 
 80.56 -15.10 257.59	 1.141 100 
 81.65 -15.22 230.44	 1.234 100 
 87.01 -14.80 197.91	 0.875 100 
 81.41 -14.59 181.54	 0.906 100 
 67.97 -14.76 175.69	 0.61  100 
 55.77 -14.95 176.82	 1.109 100 
 37.80 -15.38 192.10	 1.797 100 
 27.02 -15.54 240.23	 0.578 100 
 21.66 -15.68 258.18	 1.172 100 
 4.94 -14.56 286.12	 0.563 100 
 -5.37 -14.34 291.11	 0.671 100 
 -16.70 -14.52 290.18 1.375 	100 
 -24.37 -15.27 272.24 3.625 	100 
 -56.54 -15.64 183.38 0.532 	100 
 -56.19 -15.61 169.52 0.703 	100 
 -50.93 -15.61 154.95 1.14 	100 
 -50.25 -15.56 133.33 6.047 	100 
 -124.96 -15.52 -43.5 0.422 	100 
 -128.28 -15.53 -58.8 0.735 	100 
 -129.41 -15.54 -86.1 1.062 	100 
 -119.51 -15.34 -123. 0.625 	100 
 -108.57 -15.37 -144. 1.125 	100 
 -77.65 -15.53 -169.2 1.313  100 
 -30.57 -15.62 -175.7 0.609 	100 
 -8.01 -15.74 -172.08 0.437 	100 
 6.85 -15.66 -171.14	 0.657 100 
 24.87 -15.49 -172.74 1.078 	100 
 42.02 -15.51 -183.90 1.203 	100 
 46.70 -15.78 -208.30 1.203 	100 
 58.09 -15.35 -237.04 1.016 	100 
 77.46 -14.62 -260.66 0.859 	100 
 99.68 -14.68 -278.72 1.234 	100 
 127.15 -14.22 -283.5 0.797 	100 
 136.43 -14.47 -274.0 0.391 	100 
 138.77 -14.76 -267.1 0.969 	100
 146.05 -15.48 -246.9 1.765 	100 
 162.61 -14.77 -200.0 0.672 	100 
 164.95 -14.32 -184.3 1.141 	100 
 154.50 -13.97 -163.8 1.484 	100 
 133.83 -14.26 -133.1 1.063 	100 
 124.46 -15.07 -102.2 3.703 	100 
 120.60 -15.51 36.42	 2.968 100
 
 118.21 -14.90 147.74	 0.75  100 
 122.05 -14.43 172.97	 0.75  100 
 129.19 -14.30 195.40	 0.609 100 
 137.19 -14.25 213.64	 0.735 100 
 149.21 -14.03 230.28	 2.062 100 
 152.78 -14.11 268.70	 1.25  100 
 132.29 -14.27 284.35	 1.547 100 
 95.41 -14.67 276.75	 0.984 100 
 80.47 -15.10 257.68	 1.219 100 
 79.39 -15.27 229.47	 1.25  100 
 83.27 -14.95 198.39	 1.188 100 
 78.64 -14.69 182.95	 0.89  100 
 67.82 -14.75 175.34	 0.766 100 
 54.64 -14.94 174.98	 1.203 100 
 38.60 -15.39 192.37	 1.859 100 
 26.69 -15.54 240.09	 0.594 100 
 20.46 -15.66 257.99	 1.235 100 
 3.19 -14.72 283.96	 0.453 100 
 -4.56 -14.51 287.83	 0.593 100 
 -14.81 -14.61 287.67 1.141 	100 
 -25.94 -15.22 273.14 3.531 	100 
 -56.64 -15.64 183.39 0.485 	100 
 -56.04 -15.61 169.81 0.64 	100 
 -50.46 -15.61 155.13 1.688 	100 
 -37.56 -15.29 130.01 7.25 	100 
 -122.74 -15.52 -44.2 0.406 	100 
 -127.11 -15.53 -59.3 0.734 	100 
 -129.91 -15.53 -86.1 1.079 	100 
 -120.93 -15.31 -124. 0.625 	100 
 -108.14 -15.38 -144. 1.062 	100 
 -76.68 -15.52 -166.4 1.281 	100 
 -30.11 -15.62 -172.3 0.594 	100 
 -8.28 -15.75 -172.77 0.484 	100 
 7.17 -15.67 -173.62	 0.641 100 
 23.19 -15.60 -177.12 0.672 	100 
 34.39 -15.64 -185.79 1.141 	100 
 40.55 -15.84 -209.34 1.234 	100 
 53.89 -15.16 -239.54 1.047 	100 
 76.34 -14.50 -261.57 0.828 	100 
 100.09 -14.79 -277.1 1.016 	100 
 127.68 -14.05 -285.2 0.765 	100 
 141.61 -13.78 -279.7 0.813 	100 
 147.52 -14.45 -268.1 1.078 	100 
 148.16 -15.40 -246.9 1.859  100
 162.15 -14.74 -199.1 0.547 	100 
 164.28 -14.32 -184.1 1.063 	100 
 158.35 -13.99 -162.5 1.625 	100 
 131.73 -14.22 -135.5 1.234 	100 
 122.28 -15.07 -102.1 3.766 	100 
 121.36 -15.51 36.37	 2.953 100 
 
 119.46 -14.92 147.33	 0.829 100 
 122.44 -14.43 172.93	 0.765 100 
 130.23 -14.27 194.60	 0.594 100 
 138.40 -14.21 212.08	 0.703 100 
 149.56 -14.02 230.43	 1.656 100 
 149.01 -14.15 267.16	 1.235 100 
 130.97 -14.28 281.43	 1.718 100 
 97.65 -14.70 272.12	 0.891 100 
 81.49 -15.10 257.01	 1.156 100 
 74.41 -15.39 227.92	 1.438 100 
 89.02 -14.72 197.55	 1.187 100 
 87.14 -14.37 178.66	 1.047 100 
 69.72 -14.56 168.45	 0.844 100 
 52.56 -14.85 171.60	 1.141 100 
 37.74 -15.40 192.46	 1.703 100 
 27.31 -15.55 240.56	 0.547 100 
 21.94 -15.68 258.33	 1.218 100 
 2.93 -14.71 284.18	 0.391 100 
 -4.57 -14.54 287.53	 0.547 100 
 -15.00 -14.59 288.12 1.109 	100 
 -30.39 -15.13 274.59 3.375 	100 
 -56.46 -15.62 183.67 0.516 	100 
 -55.79 -15.61 170.06 0.687 	100 
 -50.62 -15.62 155.13 0.985 	100 
 -49.48 -15.56 133.12 5.672 	100 
 -126.38 -15.52 -42.8 0.437 	100 
 -130.68 -15.53 -58.5 0.781 	100 
 -131.36 -15.52 -86.9 1.047 	100
 -120.00 -15.32 -124. 0.625 	100 
 -106.97 -15.39 -143. 1.031 	100 
 -76.07 -15.52 -165.0 1.266 	100 
 -30.13 -15.62 -172.3 0.594  100 
 -8.11 -15.74 -172.53 0.469 	100 
 7.10 -15.66 -172.69	 0.64  100 
 23.80 -15.55 -174.93 0.813 	100 
 38.02 -15.58 -184.78 1.078 	100 
 45.58 -15.80 -208.57 1.125 	100 
 57.70 -15.33 -237.32 0.953 	100 
 77.02 -14.61 -260.45 0.828 	100 
 100.08 -14.82 -276.5 1.078 	100 
 127.17 -14.21 -283.6 0.813 	100 
 139.01 -14.16 -277.0 0.64 	100 
 142.83 -14.70 -267.6 1.032 	100 
 149.66 -15.35 -246.7 1.734 	100 
 162.86 -14.75 -199.5 0.484 	100 
 162.81 -14.32 -184.4 0.875 	100 
 155.66 -13.97 -163.2 1.328 	100 
 134.52 -14.26 -132.9 0.985 	100 
 124.19 -15.07 -102.5 3.719 	100 
 118.30 -15.51 36.73	 2.921 100 
			        
119.49 -14.90 147.40	1 100
122.00 -14.41 172.72	1 100
129.35 -14.28 195.06	1 100
138.57 -14.19 211.72	1 100
147.58 -14.07 231.02	1 100
147.15 -14.17 266.21	1 100
131.66 -14.27 282.98	1 100
94.31 -14.64 279.07	1 100
78.39 -15.09 258.33	1 100
79.78 -15.26 230.19	1 100
 86.44 -14.82 197.82	1 100
 79.88 -14.65 182.32	1 100
 68.48 -14.68 173.29	1 100
 53.27 -14.87 172.57	1 100
 35.87 -15.34 191.58	1 100
 28.96 -15.56 240.66	1 100
 24.44 -15.66 258.67	1 100
 2.88 -14.72 283.75	1 100
 -4.27 -14.64 285.66	1 100
 -13.18 -14.69 285.33	1 100
 -27.32 -15.19 273.55	1 100
 -57.09 -15.63 183.89	1 100
 -54.85 -15.56 170.38	1 100
 -49.30 -15.61 156.29	1 100
 -48.60 -15.55 133.16	1 100
 -126.40 -15.51 -42.93	1 100
 -131.01 -15.51 -57.90	1 100
 -132.70 -15.50 -87.04	1 100
 -120.46 -15.30 -124.61	1 100
 -107.29 -15.37 -142.89	1 100
 -75.95 -15.51 -163.62	1 100
 -30.27 -15.61 -173.37	1 100
 -8.26 -15.73 -172.77	1 100
 7.28 -15.68 -174.33	1 100
 22.46 -15.64 -178.90	1 100
 32.80 -15.67 -186.30	1 100
 47.19 -15.77 -207.97	1 100
 56.74 -15.27 -237.69	1 100
 73.83 -14.21 -263.89	1 100
 97.84 -14.35 -283.07	1 100
 127.15 -14.22 -283.47	1 100
 136.97 -14.42 -274.88	1 100
 142.04 -14.70 -267.72	1 100
 148.40 -15.39 -247.13	1 100
 162.26 -14.75 -199.51	1 100
 161.56 -14.31 -184.07	1 100
 153.23 -13.96 -164.27	1 100
 134.54 -14.27 -133.17	1 100
 126.18 -15.08 -102.54	1 100
 121.55 -15.52 36.63	1 100


 121.73 -14.92 147.69	 0.672 100 
 123.71 -14.44 172.77	 0.625 100 
 128.90 -14.30 195.37	 0.532 100 
 137.15 -14.25 212.94	 0.578 100 
 148.10 -14.07 231.17	 1.312 100 
 153.87 -14.08 269.30	 1.781 100 
 132.95 -14.26 286.52	 1.891 100 
 96.67 -14.72 274.11	 1.016 100 
 81.84 -15.09 257.05	 1.109 100 
 82.50 -15.19 231.12	 1.391 100 
 87.25 -14.78 197.45	 0.687 100 
 77.93 -14.71 183.33	 0.594 100 
 67.72 -14.75 176.31	 0.656 100 
 54.99 -14.95 175.25	 1.219 100 
 36.24 -15.35 191.77	 1.859 100 
 26.20 -15.53 240.21	 0.657 100 
 22.80 -15.68 258.39	 1.703 100 
 0.25 -14.79 280.73	 0.218 100 
 -3.73 -14.70 280.15	 0.375 100 
 -9.74 -14.64 280.00	 1.266 100 
 -30.06 -15.14 274.40	3.781  100 
 -54.78 -15.64 183.37	0.453  100 
 -54.10 -15.52 170.55	0.547  100 
 -51.48 -15.61 154.92	0.688  100 
 -50.04 -15.55 133.30	5.437  100 
 -123.96 -15.52 -44.23	0.422  100 
 -128.94 -15.54 -59.22	0.75   100 
 -132.22 -15.52 -86.72	1.094  100 
 -123.10 -15.27 -126.36	0.641  100 
 -112.62 -15.31 -146.88	1.265  100 
 -78.73 -15.51 -172.47	1.391  100 
 -29.88 -15.63 -173.09	0.594  100 
 -8.37 -15.74 -171.86	0.5    100 
 7.47 -15.66 -172.53	0.609  100 
 23.43 -15.60 -177.18	 0.562 100 
 34.49 -15.64 -186.09	 0.985 100 
 45.47 -15.78 -208.63	 1.047 100 
 58.53 -15.38 -236.67	 0.937 100 
 74.57 -14.27 -263.75	 0.86  100 
 97.96 -14.40 -282.22	 1.078 100 
 127.68 -14.05 -285.40	 0.718 100 
 140.00 -14.07 -277.46	 0.563 100 
 144.41 -14.59 -268.11	 1.047 100 
 146.86 -15.46 -246.63	 1.812 100 
 161.71 -14.73 -198.82	 0.469 100 
 163.42 -14.30 -183.86	 0.781 100 
 159.73 -14.00 -161.46	 1.735 100 
 130.99 -14.19 -136.21	 6.953 100 
 115.92 -14.96 -102.51	 5.156 100 
 121.01 -15.53 36.48	 4.453 100 



 122.91 -14.94 147.28	 0.719 100 
 123.51 -14.44 172.51	 0.75  100 
 128.21 -14.30 195.30	 0.672 100 
 137.84 -14.23 212.16	 0.734 100 
 148.90 -14.05 230.58	 1.656 100 
 149.14 -14.14 267.33	 1.016 100 
 130.24 -14.29 278.84	 1.375 100 
 96.54 -14.73 274.00	 0.844 100 
 80.83 -15.08 257.61	 1.156 100 
 76.28 -15.34 228.61	 1.859 100 
 84.81 -14.88 197.97	 0.969 100 
 82.96 -14.53 180.50	 0.969 100 
 69.27 -14.59 170.04	 0.937 100 
 54.59 -14.94 175.11	 1.063 100 
 41.48 -15.46 193.19	 1.797 100 
 27.62 -15.55 240.41	 0.672 100 
 23.28 -15.68 258.88	 1.781 100 
 2.21 -14.80 282.73	 0.437 100 
 -4.76 -14.53 287.68	 0.641 100 
 -16.46 -14.53 289.89	 1.453 100 
 -30.47 -15.13 274.67	 3.969 100 
 -56.32 -15.64 183.26	 0.391 100 
 -55.39 -15.58 170.37	 0.531 100 
 -51.02 -15.61 154.41	 0.656 100 
 -44.59 -15.54 132.00	 15.75 100 
 -124.45 -15.52 -43.87	 0.422 100 
 -128.81 -15.54 -59.06	 0.781 100 
 -132.63 -15.51 -87.51	 1.078 100 
 -122.22 -15.29 -125.31	 0.625 100 
 -108.89 -15.36 -144.07	 1.063 100 
 -76.58 -15.52 -165.50	 1.265 100 
 -29.82 -15.62 -172.23	 0.594 100 
 -7.95 -15.75 -172.77	 0.438 100 
 7.15 -15.68 -172.84	 0.531 100 
 23.58 -15.59 -176.53	 0.547 100 
 38.23 -15.57 -184.84	 0.922 100 
 54.24 -15.64 -207.30	 0.922 100 
 59.82 -15.45 -235.40	 0.953 100 
 74.40 -14.28 -263.43	 0.906 100 
 98.45 -14.50 -280.97	 1.078 100 
 127.21 -14.40 -281.12	 0.5   100 
 136.67 -14.43 -274.36	 0.406 100 
 141.66 -14.70 -267.72	 0.985 100 
 144.17 -15.56 -246.93	 1.906 100 
 162.57 -14.76 -199.93	 0.609 100 
 165.32 -14.33 -184.67	 1.016 100 
 157.25 -13.98 -162.99	 6.719 100 
 140.66 -14.11 -127.81	 1.484 100 
 125.60 -15.07 -102.71	 4.313 100 
 125.25 -15.52 36.45	 2.953 100 



 121.07 -14.92 147.78	 0.906 100 
 123.44 -14.43 172.67	 1.047 100 
 129.92 -14.29 194.90	 0.766 100 
 139.39 -14.19 211.27	 0.812 100 
 149.92 -14.01 230.38	 1.688 100 
 142.96 -14.16 264.79	 0.968 100 
 128.69 -14.23 274.60	 1.5   100 
 96.36 -14.69 275.07	 1     100 
 77.32 -15.09 258.64	 1.407 100 
 74.04 -15.38 227.94	 1.625 100 
 85.86 -14.84 197.88	 0.812 100 
 76.93 -14.70 183.95	 0.547 100 
 67.72 -14.75 176.58	 0.719 100 
 54.02 -14.91 173.90	 1.812 100 
 41.61 -15.46 193.29	 2.406 100 
 30.18 -15.59 240.77	 0.688 100 
 25.23 -15.70 259.13	 1.25  100 
 4.28 -14.56 285.88	 0.422 100 
 -5.05 -14.43 289.28	 0.515 100 
 -16.03 -14.56 289.32	 1.188 100 
 -31.25 -15.12 274.77	 3.422 100 
 -56.42 -15.64 183.54	 0.406 100 
 -54.53 -15.49 170.60	 0.469 100 
 -49.84 -15.52 155.84	 0.703 100 
 -42.71 -15.52 131.25	 5.531 100 
 -122.46 -15.52 -44.39	 0.422 100 
 -127.38 -15.54 -59.39	 0.75  100 
 -131.72 -15.52 -86.80	 1.094 100 
 -122.19 -15.29 -125.39	 0.625 100 
 -109.20 -15.36 -144.39	 1.078 100 
 -76.35 -15.52 -166.00	 1.266 100 
 -30.14 -15.62 -172.87	 0.609 100 
 -8.00 -15.75 -173.35	 0.516 100 
 7.42 -15.68 -173.74	 0.64  100 
 23.09 -15.61 -177.48	 0.594 100 
 33.93 -15.65 -186.17	 1.047 100 
 41.96 -15.83 -209.09	 1.156 100 
 54.67 -15.19 -239.20	 0.984 100 
 74.35 -14.25 -263.78	 0.891 100 
 100.12 -14.76 -277.81	 1.141 100 
 127.19 -14.19 -283.82	 0.875 100 
 138.47 -14.25 -276.26	 0.562 100 
 144.64 -14.58 -268.03	 1.063 100 
 152.27 -15.24 -247.14	 1.687 100 
 163.79 -14.78 -200.39	 0.516 100 
 165.32 -14.32 -184.16	 0.75  100 
 160.47 -14.00 -161.05	 1.234 100 
 135.71 -14.27 -131.50	 1.063 100 
 119.03 -15.05 -102.41	 3.734 100 
 119.73 -15.52 36.23	 3.031 100 



 121.18 -14.93 147.33	 0.719 100 
 122.27 -14.43 172.72	 0.75  100 
 128.94 -14.30 195.23	 0.672 100 
 139.14 -14.20 211.42	 0.89  100 
 149.35 -14.03 230.55	 1.735 100 
 148.71 -14.16 267.12	 1.219 100 
 131.88 -14.27 283.64	 1.687 100 
 94.44 -14.66 278.01	 0.984 100 
 78.24 -15.10 258.20	 1.125 100 
 77.18 -15.32 228.78	 1.141 100 
 86.84 -14.81 197.83	 0.688 100 
 82.96 -14.53 180.67	 0.828 100 
 69.87 -14.52 167.70	 1     100 
 50.20 -14.78 168.13	 1.422 100 
 38.29 -15.41 192.58	 1.828 100 
 28.80 -15.57 240.85	 0.593 100 
 24.83 -15.70 259.03	 1.313 100 
 4.08 -14.62 284.97	 0.484 100 
 -4.78 -14.56 287.22	 0.516 100 
 -12.99 -14.68 285.18	 1.031 100 
 -21.62 -15.27 271.47	 3.656 100 
 -61.05 -15.63 184.61	 0.657 100 
 -59.49 -15.59 168.37	 0.64  100 
 -51.83 -15.62 154.18	 1.032 100 
 -45.10 -15.55 132.04	 4.468 100 
 -38.72 -15.29 130.35	 8.891 100 
 -125.36 -15.52 -43.77	 0.422 100 
 -129.05 -15.54 -59.13	 0.734 100 
 -130.92 -15.53 -86.40	 1.094 100 
 -120.31 -15.32 -124.75	 0.594 100 
 -107.12 -15.39 -142.72	 1.031 100 
 -75.72 -15.52 -163.34	 1.266 100 
 -29.61 -15.61 -169.40	 0.609 100 
 -8.20 -15.69 -170.08	 0.531 100 
 7.08 -15.63 -170.97	 0.688 100 
 23.56 -15.59 -176.78	 0.547 100 
 33.07 -15.66 -186.07	 0.953 100 
 41.33 -15.83 -209.20	 1.093 100 
 56.29 -15.26 -238.17	 0.922 100 
 74.80 -14.31 -263.24	 0.86  100 
 99.39 -14.59 -280.23	 0.968 100 
 126.99 -14.31 -282.36	 0.61  100 
 138.50 -14.27 -276.09	 0.531 100 
 144.03 -14.63 -267.75	 1.031 100 
 147.51 -15.44 -246.69	 2.235 100 
 152.73 -14.51 -193.70	 0.406 100 
 157.48 -14.21 -183.81	 0.953 100 
 158.99 -13.98 -162.18	 1.906 100 
 131.49 -14.21 -135.80	 1.735 100 
 120.97 -15.05 -102.59	 4.234 100 



 120.25 -14.91 147.63	 0.812 100 
 120.88 -14.42 172.85	 0.875 100 
 128.97 -14.30 195.39	 0.719 100 
 141.40 -14.07 209.11	 0.906 100 
 153.90 -13.85 228.05	 1.61  100 
 147.54 -14.18 266.28	 0.875 100 
 131.83 -14.27 283.42	 2.046 100 
 95.60 -14.68 276.09	 0.985 100 
 83.78 -15.06 256.58	 1.14  100 
 81.23 -15.22 230.52	 1.344 100 
 90.07 -14.68 197.33	 0.656 100 
 85.49 -14.43 179.27	 0.813 100 
 71.03 -14.31 163.27	 1.172 100 
 47.13 -14.49 162.92	 1.656 100 
 36.82 -15.38 192.15	 2.047 100 
 29.06 -15.57 240.50	 0.656 100 
 24.32 -15.69 259.07	 1.219 100 
 3.21 -14.72 284.02	 0.359 100 
 -4.42 -14.58 286.80	 0.469 100 
 -14.51 -14.63 287.04	 1.047 100 
 -31.79 -15.10 274.95	 3.328 100 
 -57.00 -15.64 183.34	 0.375 100 
 -55.17 -15.57 170.26	 0.453 100 
 -51.96 -15.63 153.90	 0.563 100 
 -48.10 -15.58 133.07	 5.25  100 
 -126.07 -15.52 -43.23	 0.422 100 
 -129.55 -15.53 -58.50	 0.765 100 
 -129.65 -15.53 -86.39	 1.047 100 
 -121.49 -15.30 -124.91	 0.641 100 
 -110.64 -15.34 -145.96	 1.156 100 
 -78.92 -15.51 -172.57	 1.344 100 
 -30.63 -15.63 -177.73	 0.672 100 
 -7.87 -15.74 -174.68	 0.546 100 
 7.19 -15.64 -171.21	 0.813 100 
 24.85 -15.50 -173.19	 0.844 100 
 36.57 -15.61 -185.32	 1.047 100 
 46.77 -15.78 -208.17	 1.031 100 
 59.17 -15.42 -235.73	 0.937 100 
 76.28 -14.51 -261.45	 0.86  100 
 99.21 -14.58 -280.07	 1.047 100 
 127.59 -14.06 -285.20	 0.64  100 
 140.69 -13.93 -278.57	 0.594 100 
 147.82 -14.39 -268.59	 0.906 100 
 151.00 -15.28 -247.16	 1.625 100 
 163.44 -14.78 -200.44	 0.485 100 
 164.92 -14.33 -184.52	 0.718 100 
 160.58 -14.00 -161.38	 1.094 100 
 138.88 -14.16 -129.23	 0.922 100 
 123.00 -15.06 -102.50	 3.812 100 
 123.64 -15.51 36.68	 4.422 100 



 115.94 -14.85 147.68	 0.86	100 
 119.14 -14.41 172.97	 1.062 	100 
 125.44 -14.31 196.62	 0.953 	100 
 136.96 -14.25 213.32	 0.953 	100 
 146.66 -14.12 231.80	 1.766 	100 
 144.36 -14.18 265.08	 1.016 	100 
 130.89 -14.28 280.56	 1.843 	100 
 93.99 -14.64 279.04	 1.282 	100 
 80.68 -15.09 257.60	 1.093 	100 
 82.76 -15.19 230.72	 1.188 	100 
 86.98 -14.79 197.41	 0.641 	100 
 81.22 -14.60 181.74	 0.781 	100 
 68.77 -14.65 171.89	 0.828 	100 
 53.24 -14.88 172.65	 1.266 	100 
 39.75 -15.42 192.82	 1.843 	100 
 30.11 -15.59 241.14	 0.61 	100 
 24.99 -15.70 258.89	 1.312 	100 
 2.49 -14.79 283.12	 0.328 	100 
 -4.13 -14.64 284.85	 0.438 	100 
 -12.67 -14.69 284.51	 1.109 	100 
 -25.28 -15.25 272.62	 3.781 	100 
 -55.92 -15.64 183.58	 0.61 	100 
 -54.68 -15.55 170.32	 0.64 	100 
 -50.90 -15.61 155.03	 0.797 	100 
 -49.95 -15.55 133.31	 5.344 	100 
 -124.93 -15.52 -43.28	 0.406 	100 
 -128.97 -15.53 -58.53	 0.782 	100 
 -131.85 -15.52 -87.23	 1.093 	100 
 -123.55 -15.26 -126.57	 0.625 	100 
 -111.13 -15.33 -146.07	 1.141 	100 
 -77.59 -15.52 -169.95	 1.297 	100 
 -29.90 -15.63 -173.52	 0.594 	100 
 -8.62 -15.67 -169.70	 0.5 	100 
 6.39 -15.60 -167.47	 0.765 	100 
 26.16 -15.43 -170.05	 0.891 	100 
 42.71 -15.50 -183.74	 0.953 	100 
 50.38 -15.77 -207.79	 0.984 	100 
 58.91 -15.39 -236.32	 0.922 	100 
 74.53 -14.27 -263.56	 0.86 	100 
 97.79 -14.37 -282.73	 1.156 	100 
 128.30 -13.74 -288.84	 5.781 	100 
 134.48 -14.58 -272.16	 0.359 	100 
 136.56 -14.79 -266.77	 1.047 	100 
 142.49 -15.60 -246.56	 1.875 	100 
 161.10 -14.73 -198.86	 0.532 	100 
 163.70 -14.31 -184.22	 0.828 	100 
 158.99 -13.99 -162.31	 1.39 	100 
 136.43 -14.25 -131.07	 1.047 	100 
 133.35 -14.86 -102.84	 4.672 	100 
 125.63 -15.52 36.68	 3.047 	100 



 124.42 -14.95 147.26	 0.719	100 
 124.43 -14.44 172.70	 0.719 	100 
 129.08 -14.30 195.08	 0.703 	100 
 137.18 -14.25 213.25	 0.844 	100 
 146.69 -14.12 231.79	 1.625 	100 
 144.84 -14.18 265.34	 0.906 	100 
 130.25 -14.28 279.49	 1.719 	100 
 97.97 -14.70 272.05	 0.921 	100 
 81.57 -15.09 256.92	 1.141 	100 
 75.90 -15.35 228.58	 1.078 	100 
 82.99 -14.96 198.42	 0.563 	100 
 81.11 -14.61 181.82	 0.765 	100 
 71.25 -14.35 164.06	 1.5 	100 
 48.46 -14.58 164.76	 1.688 	100 
 41.43 -15.46 193.18	 2 	100 
 29.79 -15.59 240.87	 0.609 	100 
 23.88 -15.69 258.65	 1.031 	100 
 4.14 -14.62 285.31	 0.407 	100 
 -5.14 -14.35 290.97	 0.656 	100 
 -19.43 -14.33 294.42	 1.937 	100 
 -33.20 -15.07 275.67	 3.813 	100 
 -55.76 -15.64 183.36	 0.422 	100 
 -53.74 -15.48 170.40	 0.437 	100 
 -50.93 -15.60 155.22	 0.625 	100 
 -48.16 -15.55 132.43	 5.172 	100 
 -127.20 -15.52 -42.53	 0.438 	100 
 -131.42 -15.53 -58.41	 0.797 	100 
 -132.31 -15.51 -87.42	 1.046 	100 
 -119.99 -15.32 -124.58	 0.625 	100 
 -107.89 -15.38 -143.97	 1.063 	100 
 -76.62 -15.52 -166.35	 1.297 	100 
 -29.88 -15.61 -171.33	 0.578 	100 
 -8.51 -15.66 -169.51	 0.469 	100 
 6.35 -15.63 -168.63	 0.734 	100 
 25.46 -15.47 -171.87	 0.844 	100 
 40.38 -15.54 -184.20	 1.078 	100 
 45.51 -15.78 -208.29	 1.156 	100 
 57.64 -15.34 -236.82	 1.031 	100 
 79.22 -14.84 -258.49	 0.985 	100 
 98.53 -14.48 -281.00	 3.656 	100 
 125.65 -14.73 -274.45	 0.594 	100 
 132.67 -14.71 -270.31	 0.344 	100 
 136.71 -14.77 -267.01	 1.234 	100 
 147.49 -15.41 -247.11	 1.906 	100 
 163.27 -14.76 -199.84	 0.531 	100 
 164.46 -14.31 -184.14	 0.735 	100 
 159.44 -13.99 -161.55	 1.172 	100 
 136.50 -14.26 -130.98	 1.156 	100 
 125.40 -15.08 -102.35	 9.406 	100 
 118.22 -15.52 36.20	 2.953 	100 



 120.26 -14.92 147.53	 0.953 100 
 122.14 -14.43 172.78	 0.781 100 
 128.52 -14.30 195.69	 0.594 100 
 137.38 -14.24 212.98	 0.656 100 
 148.26 -14.07 230.86	 1.5   100 
 151.89 -14.10 268.48	 1.141 100 
 132.74 -14.26 285.61	 1.656 100 
 96.03 -14.69 275.80	 0.906 100 
 81.99 -15.09 257.05	 1.078 100 
 81.22 -15.22 230.68	 1.25  100 
 88.19 -14.74 197.25	 0.766 100 
 82.22 -14.56 181.25	 0.922 100 
 68.12 -14.72 174.43	 0.687 100 
 55.53 -14.97 176.76	 1.11  100 
 35.83 -15.35 191.71	 1.828 100 
 26.30 -15.54 240.44	 0.703 100 
 23.10 -15.67 258.69	 1.375 100 
 1.99 -14.80 283.05	 0.344 100 
 -4.45 -14.63 285.54	 0.5   100 
 -13.60 -14.69 285.72	 1.031 100 
 -27.98 -15.18 273.65	 3.75  100 
 -54.96 -15.65 183.32	 0.641 100 
 -54.13 -15.54 170.80	 0.687 100 
 -50.48 -15.61 155.70	 0.859 100 
 -49.06 -15.56 133.22	 5.438 100 
 -125.14 -15.52 -43.40	 0.422 100 
 -128.78 -15.54 -58.77	 0.75  100 
 -131.24 -15.53 -86.71	 1.094 100 
 -121.48 -15.30 -125.42	 0.625 100 
 -108.50 -15.37 -144.48	 1.062 100 
 -76.43 -15.52 -166.16	 1.281 100 
 -30.24 -15.63 -173.68	 0.688 100 
 -7.96 -15.74 -173.76	 0.531 100 
 6.97 -15.66 -172.47	 0.641 100 
 23.78 -15.57 -176.17	 0.609 100 
 36.66 -15.60 -185.51	 0.938 100 
 47.79 -15.77 -207.86	 1.031 100 
 56.06 -15.26 -238.22	 0.937 100 
 75.92 -14.47 -261.77	 0.875 100 
 98.87 -14.53 -280.73	 1.125 100 
 127.46 -14.07 -285.22	 0.985 100 
 138.34 -14.27 -276.16	 1.187 100 
 131.97 -14.87 -266.35	 1.375 100 
 130.33 -15.60 -246.25	 2.672 100 
 162.14 -14.76 -199.64	 0.641 100 
 164.44 -14.31 -184.10	 0.89  100 
 156.98 -13.98 -162.99	 1.282 100 
 134.73 -14.27 -132.65	 0.953 100 
 125.34 -15.07 -102.62	 3.672 100 
 123.84 -15.52 36.30	 4.797 100 



 121.82 -14.93 147.46	 0.781 100 
 125.05 -14.45 172.58	 0.812 100 
 129.43 -14.30 195.13	 0.782 100 
 138.43 -14.21 211.73	 1.109 100 
 149.52 -14.02 230.33	 1.969 100 
 150.22 -14.14 267.73	 1.109 100 
 131.42 -14.27 282.43	 1.484 100 
 95.94 -14.69 275.20	 0.86  100 
 79.27 -15.10 257.82	 1.312 100 
 75.46 -15.37 228.05	 1.547 100 
 91.16 -14.63 196.91	 0.906 100 
 84.96 -14.45 179.68	 0.985 100 
 68.50 -14.70 173.77	 0.64  100 
 55.83 -14.96 177.32	 0.969 100 
 40.28 -15.43 193.13	 1.688 100 
 27.33 -15.55 240.39	 0.547 100 
 23.58 -15.69 258.84	 1.093 100 
 7.20 -14.33 288.87	 0.672 100 
 -6.31 -13.95 297.72	 1.172 100 
 -20.76 -14.19 296.76	 1.891 100 
 -26.42 -15.22 273.14	 3.937 100 
 -55.21 -15.64 183.29	 0.485 100 
 -54.43 -15.54 170.64	 0.593 100 
 -50.50 -15.61 155.13	 0.735 100 
 -45.23 -15.54 132.11	 5.406 100 
 -120.87 -15.52 -44.79	 0.422 100 
 -125.76 -15.54 -59.79	 0.734 100 
 -130.49 -15.53 -86.96	 1.094 100 
 -121.93 -15.29 -125.77	 0.625 100 
 -109.48 -15.36 -144.91	 1.094 100 
 -77.08 -15.52 -166.69	 1.312 100 
 -29.55 -15.62 -170.44	 0.563 100 
 -8.35 -15.70 -170.59	 0.437 100 
 7.24 -15.66 -171.38	 0.516 100 
 24.06 -15.55 -175.62	 0.625 100 
 39.18 -15.56 -184.71	 1.14  100 
 50.62 -15.74 -207.67	 5.204 100 
 55.25 -15.23 -238.58	 4.796 100 
 76.28 -14.52 -261.44	 1.813 100 
 98.70 -14.53 -280.76	 1.328 100 
 126.85 -14.47 -280.37	 0.469 100 
 136.43 -14.47 -274.07	 0.39  100 
 142.88 -14.69 -267.54	 0.922 100 
 151.65 -15.27 -246.74	 1.563 100 
 162.56 -14.76 -199.56	 0.469 100 
 164.87 -14.31 -183.85	 0.718 100 
 161.96 -14.01 -160.38	 1.235 100 
 139.26 -14.16 -128.76	 1.078 100 
 120.25 -15.07 -101.97	 3.765 100 
 121.64 -15.52 36.78	 3     100 



 124.41 -14.94 147.53	 0.703 100 
 125.53 -14.45 172.40	 0.718 100 
 129.05 -14.30 195.19	 0.657 100 
 137.94 -14.23 212.62	 0.656 100 
 147.62 -14.09 231.06	 1.281 100 
 151.32 -14.12 267.81	 1.25  100 
 133.67 -14.22 289.28	 2.063 100 
 97.46 -14.71 272.21	 0.89  100 
 83.58 -15.06 256.57	 1.25  100 
 84.88 -15.14 231.91	 2.625 100 
 91.82 -14.61 196.94	 0.969 100 
 82.18 -14.56 181.29	 0.797 100 
 67.73 -14.75 175.41	 0.609 100 
 56.55 -14.96 178.21	 1.047 100 
 43.02 -15.49 194.03	 1.813 100 
 29.59 -15.58 240.93	 0.578 100 
 25.40 -15.70 259.44	 1.25  100 
 5.34 -14.49 286.78	 0.531 100 
 -5.30 -14.37 290.42	 0.563 100 
 -15.70 -14.56 289.16	 1.125 100 
 -28.13 -15.18 273.73	 3.281 100 
 -56.62 -15.64 183.84	 0.406 100 
 -55.16 -15.57 170.02	 0.484 100 
 -50.94 -15.63 154.55	 0.641 100 
 -44.16 -15.54 131.78	 5.797 100 
 -125.38 -15.52 -43.37	 0.422 100 
 -130.18 -15.53 -58.23	 0.797 100 
 -132.44 -15.52 -87.33	 1.062 100 
 -122.31 -15.29 -125.61	 0.625 100 
 -109.29 -15.36 -144.49	 1.11  100 
 -76.75 -15.52 -166.66	 1.468 100 
 -28.82 -15.50 -165.92	 0.61  100 
 -9.52 -15.44 -163.02	 0.609 100 
 5.76 -15.50 -165.00	 0.922 100 
 23.85 -15.55 -174.94	 0.578 100 
 32.57 -15.69 -186.26	 0.922 100 
 45.23 -15.79 -208.72	 0.969 100 
 55.09 -15.21 -238.89	 0.937 100 
 73.62 -14.20 -264.14	 1.063 100 
 99.72 -14.76 -277.43	 4.312 100 
 123.43 -15.29 -261.22	 0.016 100 
 123.69 -15.29 -261.14	 0.031 100 
 123.94 -15.29 -261.06	 1.313 100 
 138.81 -15.50 -246.78	 2.265 100 
 162.01 -14.75 -199.60	 0.563 100 
 160.66 -14.31 -184.20	 0.718 100 
 153.75 -13.96 -164.08	 1.094 100 
 134.84 -14.28 -132.37	 0.86  100 
 125.91 -15.07 -102.68	 3.656 100 
 122.93 -15.52 36.46	 2.954 100 



 120.28, -14.91, 147.71	 1.016			100
 120.36, -14.42, 172.84	 1.141 			100
 126.94, -14.30, 195.82	 1.234 			100
 139.82, -14.18, 210.41	 1.516 			100
 151.77, -13.94, 229.19	 2.468 			100
 148.53, -14.15, 266.81	 1.297 			100
 130.89, -14.28, 280.42	 1.922 			100
 96.11, -14.69, 275.26	 1.266 			100
 80.50, -15.09, 257.52	 1.672 			100
 81.15, -15.22, 230.67	 2.093 			100
 85.57, -14.85, 197.88	 1.032 			100
 80.25, -14.63, 182.01	 1.172 			100
 68.20, -14.72, 174.21	 0.921 			100
 54.49, -14.94, 175.09	 1.36 			100
 40.63, -15.43, 193.08	 2.359 			100
 32.11, -15.58, 241.11	 0.938 			100
 25.19, -15.67, 259.14	 1.64 			100
 5.63, -14.48, 286.98	 0.657 			100
 -5.51, -14.27, 292.35	 0.781 			100
 -16.33, -14.53, 289.96	 1.406 			100
 -21.99, -15.28, 271.51	 3.734 			100
 -58.88, -15.64, 184.17	 0.594 			100
 -57.22, -15.60, 169.39	 0.766 			100
 -49.55, -15.61, 156.22	 2.656 			100
 -52.12, -15.57, 134.08	 7.391 			100
 -123.89, -15.53, -43.85	 0.703 		100
 -129.71, -15.54, -58.69	 1.484 		100
 -128.39, -15.54, -85.94	 1.766 		100
 -121.97, -15.29, -125.68	 0.875 		100
 -108.52, -15.36, -143.66	 1.484 		100
 -76.09, -15.53, -163.59	 1.797 		100
 -29.88, -15.61, -173.20	 0.844 		100
 -7.86, -15.74, -174.13	 0.594 			100
 7.35, -15.67, -173.50	 0.671 			100
 23.33, -15.59, -176.81	 0.766 			100
 33.84, -15.65, -185.96	 3.422 			100
 34.42, -15.69, -209.80	 2.219 			100
 57.45, -15.32, -237.09	 1.281 			100
 76.77, -14.54, -261.40	 1.156 			100
 98.86, -14.58, -279.91	 1.141 			100
 127.12, -14.31, -282.38	 0.594 		100
 140.46, -13.96, -278.37	 0.734 		100
 149.89, -14.29, -268.75	 1.656 		100
 139.67, -15.55, -246.73	 6.266 		100
 168.01, -14.85, -203.03	 1.047 		100
 167.78, -14.34, -184.49	 1.109 		100
 154.61, -13.97, -163.76	 1.328 		100
 131.62, -14.21, -135.56	 1.219 		100
 127.81, -15.09, -102.24	 4 		100
 124.15, -15.52, 36.65	 4.89 			100


 118.49, -14.90, 147.86	 0.703			100
 118.96, -14.41, 173.05	 0.75 			100
 126.20, -14.31, 196.12	 0.641 			100
 138.61, -14.21, 211.71	 0.828 			100
 155.40, -13.77, 227.48	 4.172 			100
 129.66, -14.17, 259.09	 0.343 			100
 124.20, -14.21, 262.07	 1.141 			100
 100.86, -14.60, 266.37	 0.875 			100
 83.36, -15.07, 256.77	 1.594 			100
 76.54, -15.35, 228.61	 2.625 			100
 93.90, -14.49, 196.75	 0.984 			100
 77.71, -14.70, 183.40	 0.484 			100
 67.19, -14.79, 177.19	 0.579 			100
 53.89, -14.90, 173.58	 3.468 			100
 43.45, -15.48, 193.93	 2.735 			100
 25.66, -15.53, 240.09	 0.687 			100
 23.00, -15.68, 258.51	 1.344 			100
 7.32, -14.29, 289.40	 0.719 			100
 -5.88, -14.08, 296.08	 1.093 			100
 -17.48, -14.46, 291.88	 1.5 			100
 -24.43, -15.27, 272.39	 3.625 			100
 -57.67, -15.64, 183.93	 0.563 			100
 -57.67, -15.59, 168.94	 0.812 			100
 -51.53, -15.61, 154.71	 6.829 			100
 -43.62, -15.53, 131.74	 7.89 			100
 -125.52, -15.52, -43.47	 0.453 		100
 -129.82, -15.54, -58.61	 0.922 		100
 -130.64, -15.53, -86.39	 1.641 		100
 -117.29, -15.29, -122.65	 1.234 		100
 -104.16, -15.28, -140.69	 1.75 		100
 -75.60, -15.52, -161.82	 2.031 		100
 -29.83, -15.62, -170.68	 0.985 		100
 -7.94, -15.73, -173.52	 0.672 			100
 7.45, -15.67, -173.42	 0.734 			100
 22.97, -15.62, -177.91	 0.578 			100
 32.33, -15.68, -186.52	 1.156 			100
 45.21, -15.79, -208.62	 1.375 			100
 58.14, -15.37, -236.49	 1.438 			100
 75.80, -14.45, -262.03	 1.297 			100
 99.42, -14.69, -278.33	 1.344 			100
 127.45, -14.24, -283.06	 0.609 		100
 139.25, -14.13, -277.25	 0.609 		100
 146.18, -14.48, -268.35	 1.36 		100
 143.67, -15.57, -246.94	 2.64 		100
 159.73, -14.70, -198.07	 0.875 		100
 164.03, -14.32, -184.42	 1.469 		100
 153.76, -13.97, -164.30	 1.625 		100
 133.93, -14.26, -133.41	 1.172 		100
 123.01, -15.06, -102.61	 5.156 		100
 123.56, -15.53, 36.53	 3.047 			100



 121.51, -14.93, 147.23	 0.968			100
 122.11, -14.43, 172.96	 1.047 			100
 128.57, -14.30, 195.49	 0.844 			100
 142.24, -13.98, 208.30	 0.906 			100
 155.42, -13.79, 227.68	 1.641 			100
 150.06, -14.15, 267.78	 1.047 			100
 130.93, -14.28, 280.75	 1.578 			100
 99.02, -14.65, 269.18	 0.844 			100
 80.54, -15.09, 257.52	 1.828 			100
 70.78, -15.30, 226.74	 2.609 			100
 86.38, -14.83, 197.86	 0.875 			100
 79.79, -14.66, 182.41	 0.875 			100
 67.86, -14.74, 174.95	 0.735 			100
 55.74, -14.97, 176.70	 1.515 			100
 43.24, -15.48, 193.95	 2.5 			100
 27.81, -15.57, 240.56	 1.078 			100
 24.07, -15.67, 258.74	 2.125 			100
 4.35, -14.58, 285.68	 0.594 			100
 -4.66, -14.52, 287.82	 0.641 			100
 -13.74, -14.68, 285.91	 1.109 			100
 -25.87, -15.23, 272.97	 5.797 			100
 -56.97, -15.63, 183.69	 0.969 			100
 -54.89, -15.56, 170.35	 0.828 			100
 -49.35, -15.62, 156.38	 1.187 			100
 -51.03, -15.57, 133.88	 8.282 			100
 -127.06, -15.53, -42.68	 0.765 		100
 -131.07, -15.54, -58.28	 1.406 		100
 -131.49, -15.52, -86.60	 2 		100
 -121.51, -15.29, -124.87	 1.11 		100
 -109.37, -15.36, -144.37	 1.703 		100
 -76.63, -15.52, -165.45	 1.922 		100
 -30.29, -15.61, -174.92	 0.922 		100
 -8.09, -15.74, -173.59	 0.609 			100
 6.88, -15.65, -171.08	 0.797 			100
 24.33, -15.53, -174.45	 0.953 			100
 33.18, -15.66, -186.14	 2.391 			100
 35.37, -15.73, -209.82	 1.953 			100
 56.61, -15.27, -237.78	 1.203 			100
 78.87, -14.81, -258.50	 1.078 			100
 99.82, -14.78, -277.14	 1.281 			100
 127.40, -14.14, -284.33	 0.75 		100
 141.48, -13.80, -279.57	 0.875 		100
 148.17, -14.39, -268.41	 1.297 		100
 146.99, -15.45, -246.75	 2.11 		100
 161.75, -14.74, -199.09	 0.703 		100
 165.88, -14.33, -184.37	 1.515 		100
 155.23, -13.97, -163.77	 1.766 		100
 132.43, -14.22, -134.90	 1.312 		100
 122.81, -15.07, -102.14	 4.766 		100
 118.69, -15.52, 36.22	 4.188 			100



 119.16, -14.92, 147.36	 0.703			100
 121.57, -14.42, 173.06	 0.703 			100
 126.42, -14.30, 196.09	 0.704 			100
 136.72, -14.26, 213.49	 1.562 			100
 159.62, -13.42, 225.30	 4.672 			100
 147.44, -14.08, 231.12	 2.484 			100
 140.01, -14.16, 263.21	 1.016 			100
 128.54, -14.23, 273.55	 2.062 			100
 97.73, -14.69, 272.28	 1.313 			100
 81.74, -15.09, 257.10	 1.719 			100
 79.74, -15.26, 229.80	 1.687 			100
 80.57, -14.98, 198.65	 0.844 			100
 77.29, -14.70, 183.62	 0.875 			100
 67.84, -14.77, 176.00	 1.031 			100
 57.13, -14.93, 178.71	 1.422 			100
 41.98, -15.45, 193.41	 2.063 			100
 26.38, -15.54, 240.02	 0.703 			100
 20.62, -15.65, 257.77	 1.547 			100
 5.79, -14.45, 287.19	 0.828 			100
 -4.71, -14.46, 288.82	 2.078 			100
 -9.89, -14.68, 280.52	 1.812 			100
 -20.63, -15.23, 271.06	 4.938 			100
 -55.80, -15.63, 183.46	 0.734 			100
 -54.88, -15.56, 170.47	 0.922 			100
 -50.94, -15.62, 155.14	 1.172 			100
 -51.11, -15.57, 133.85	 7.672 			100
 -126.04, -15.53, -43.17	 0.703 		100
 -130.75, -15.54, -58.33	 1.578 		100
 -128.45, -15.54, -86.11	 1.922 		100
 -120.64, -15.31, -124.83	 1.016 		100
 -107.58, -15.38, -142.95	 1.75 		100
 -75.74, -15.51, -162.57	 2.109 		100
 -29.77, -15.62, -170.62	 0.844 		100
 -8.23, -15.74, -172.97	 0.593 			100
 7.78, -15.69, -174.76	 0.625 			100
 23.28, -15.60, -177.36	 0.735 			100
 36.60, -15.60, -185.27	 1.297 			100
 42.60, -15.80, -208.88	 1.312 			100
 56.04, -15.26, -238.28	 1.063 			100
 74.88, -14.32, -263.26	 1.109 			100
 100.42, -14.83, -276.76	 1.094 		100
 125.24, -14.91, -270.12	 0.25 		100
 130.81, -14.82, -268.18	 0.203 		100
 135.08, -14.81, -266.63	 1.453 		100
 150.91, -15.28, -247.25	 2.641 		100
 160.59, -14.73, -198.85	 0.843 		100
 166.16, -14.33, -184.64	 1.579 		100
 153.53, -13.96, -164.42	 1.656 		100
 134.95, -14.27, -132.86	 1.156 		100
 123.46, -15.06, -102.70	 4.281 		100



 120.27, -14.90, 147.52	 1.063			100
 121.43, -14.43, 172.62	 1.25 			100
 129.56, -14.30, 195.00	 0.984 			100
 138.79, -14.21, 211.74	 0.937 			100
 150.36, -13.99, 230.06	 1.891 			100
 144.49, -14.18, 265.09	 1.109 			100
 129.76, -14.27, 277.96	 1.969 			100
 95.75, -14.69, 275.58	 1.125 			100
 78.64, -15.09, 258.39	 1.5 			100
 80.38, -15.24, 230.37	 1.406 			100
 85.88, -14.84, 197.98	 0.829 			100
 78.32, -14.68, 183.25	 0.796 			100
 67.16, -14.78, 177.97	 0.625 			100
 56.10, -14.95, 177.36	 1.469 			100
 39.15, -15.41, 192.70	 2.188 			100
 23.82, -15.50, 240.14	 0.718 			100
 17.52, -15.61, 256.99	 1.61 			100
 2.74, -14.74, 283.46	 0.531 			100
 -4.68, -14.59, 286.85	 0.688 			100
 -14.53, -14.63, 287.12	 1.14 			100
 -26.35, -15.23, 272.93	 3.61 			100
 -62.83, -15.61, 184.86	 0.718 			100
 -59.16, -15.59, 168.53	 0.891 			100
 -48.36, -15.61, 157.08	 9.297 			100
 -47.97, -15.61, 157.64	 1.734 			100
 -51.63, -15.56, 133.86	 6.188 			100
 -121.19, -15.52, -44.44	 0.468 		100
 -126.80, -15.54, -59.41	 0.891 		100
 -130.72, -15.53, -86.72	 9.094 		100
 -115.28, -15.20, -121.60	 1.484 		100
 -103.46, -15.24, -139.88	 1.766 		100
 -76.77, -15.51, -167.20	 1.64 		100
 -30.58, -15.62, -174.92	 0.704 		100
 -7.95, -15.76, -176.65	 0.484 			100
 7.72, -15.70, -175.82	 0.5 			100
 23.50, -15.60, -176.97	 0.687 			100
 41.00, -15.53, -184.09	 2.297 			100
 44.42, -15.79, -208.37	 2.375 			100
 56.38, -15.27, -237.59	 1.344 			100
 77.90, -14.71, -259.55	 1.266 			100
 100.44, -14.89, -275.84	 1.328 		100
 127.50, -14.02, -285.74	 0.734 		100
 143.39, -13.55, -281.49	 0.86 		100
 153.57, -14.08, -269.24	 1.171 		100
 151.58, -15.26, -247.01	 2.157 		100
 165.01, -14.81, -201.26	 0.797 		100
 169.61, -14.34, -184.59	 1.593 		100
 153.20, -13.95, -164.62	 1.797 		100
 129.08, -14.17, -137.25	 1.266 		100
 123.55, -15.07, -102.47	 3.89 		100


 120.24, -14.92, 147.38	 0.937			100
 120.45, -14.40, 172.95	 1.453 			100
 128.07, -14.31, 195.37	 0.985 			100
 140.05, -14.17, 210.44	 1.218 			100
 151.14, -13.96, 229.38	 2.453 			100
 147.89, -14.17, 266.53	 1.469 			100
 130.75, -14.28, 280.30	 2.375 			100
 96.96, -14.71, 273.72	 1.156 			100
 81.65, -15.08, 257.34	 1.36 			100
 79.24, -15.27, 229.63	 1.625 			100
 81.31, -14.99, 198.81	 1.109 			100
 74.90, -14.74, 184.71	 0.703 			100
 67.69, -14.77, 176.78	 0.875 			100
 52.96, -14.88, 172.45	 1.516 			100
 35.15, -15.35, 191.28	 2.234 			100
 24.33, -15.51, 240.15	 0.782 			100
 19.08, -15.62, 257.69	 1.828 			100
 4.33, -14.60, 285.34	 0.953 			100
 -4.55, -14.60, 286.61	 0.609 			100
 -12.44, -14.70, 284.19	 1.016 			100
 -24.84, -15.26, 272.45	 3.5 			100
 -60.47, -15.64, 184.78	 0.797 			100
 -61.34, -15.58, 167.73	 2.5 			100
 -53.38, -15.56, 153.21	 1.687 			100
 -49.28, -15.55, 133.21	 6.438 			100
 -123.33, -15.52, -44.17	 0.515 		100
 -128.80, -15.54, -59.06	 1.266 		100
 -130.39, -15.53, -86.44	 1.906 		100
 -118.33, -15.32, -123.32	 0.891 		100
 -110.27, -15.34, -145.22	 1.594 		100
 -76.53, -15.52, -165.63	 1.75 		100
 -29.46, -15.54, -166.72	 0.687 		100
 -8.10, -15.75, -172.14	 0.453 			100
 7.61, -15.70, -176.07	 0.422 			100
 22.58, -15.68, -179.89	 0.469 			100
 37.02, -15.59, -185.27	 2.109 			100
 63.45, -15.43, -205.63	 2.375 			100
 57.95, -15.34, -236.73	 1.5 			100
 76.33, -14.49, -261.81	 1.063 			100
 99.45, -14.71, -278.14	 1.047 			100
 127.96, -13.94, -286.68	 0.671 		100
 144.17, -13.46, -282.05	 1.813 		100
 156.84, -13.77, -269.83	 2.547 		100
 154.10, -15.17, -247.09	 2.281 		100
 161.20, -14.73, -198.91	 0.594 		100
 167.98, -14.33, -184.48	 1.453 		100
 164.03, -14.02, -160.20	 3.422 		100
 140.46, -14.11, -127.85	 2.047 		100
 131.88, -14.92, -102.73	 5.156 		100
 127.95, -15.51, 36.70	 4.438 			100



 126.35, -14.94, 147.80	 0.688			100
 126.64, -14.45, 172.90	 0.859 			100
 125.89, -14.30, 196.04	 1.735 			100
 134.96, -14.30, 215.17	 1.671 			100
 151.12, -13.96, 229.59	 1.922 			100
 151.44, -14.13, 268.31	 1 			100
 132.95, -14.27, 286.51	 2.032 			100
 95.43, -14.68, 276.52	 0.968 			100
 86.64, -14.95, 255.25	 0.953 			100
 80.13, -15.24, 229.91	 1.141 			100
 78.31, -14.95, 198.97	 0.672 			100
 71.19, -14.85, 186.63	 0.375 			100
 65.92, -14.89, 182.91	 0.625 			100
 58.93, -14.95, 181.86	 2.031 			100
 50.74, -15.32, 196.16	 2.547 			100
 28.61, -15.57, 240.72	 0.703 			100
 20.27, -15.64, 257.92	 1.125 			100
 4.15, -14.59, 285.75	 0.641 			100
 -5.71, -14.18, 293.99	 1.328 			100
 -19.92, -14.31, 295.09	 1.562 			100
 -24.96, -15.25, 272.69	 3.625 			100
 -58.13, -15.62, 184.09	 0.61 			100
 -54.99, -15.56, 170.50	 0.703 			100
 -45.37, -15.13, 159.42	 4.234 			100
 -45.85, -15.57, 132.43	 6.766 			100
 -124.30, -15.52, -43.98	 0.469 		100
 -130.05, -15.54, -58.51	 1.078 		100
 -132.31, -15.51, -87.25	 1.344 		100
 -119.37, -15.34, -124.26	 0.781 		100
 -107.88, -15.38, -143.31	 1.547 		100
 -72.98, -15.22, -154.89	 1.703 		100
 -29.54, -15.57, -167.60	 0.656 		100
 -8.59, -15.70, -170.50	 0.453 			100
 6.89, -15.66, -170.89	 0.516 			100
 24.87, -15.51, -173.81	 0.797 			100
 45.20, -15.46, -182.97	 2.687 			100
 46.70, -15.78, -208.12	 1.938 			100
 56.24, -15.27, -238.08	 1.359 			100
 78.09, -14.71, -259.49	 0.953 			100
 101.28, -15.04, -274.02	 0.906 		100
 127.66, -13.97, -286.42	 0.688 		100
 148.47, -12.64, -286.77	 1.812 		100
 152.42, -14.16, -269.03	 1.391 		100
 148.63, -15.39, -246.90	 2 		100
 163.47, -14.78, -200.19	 0.563 		100
 165.86, -14.33, -184.53	 1.046 		100
 158.25, -13.99, -162.43	 3.454 		100
 129.40, -14.18, -137.38	 1.781 		100
 123.63, -15.07, -102.53	 4.156 		100
 118.13, -15.52, 36.74	 2.984 			100



 120.23, -14.92, 147.31	 0.812			100
 120.30, -14.41, 173.09	 1.016 			100
 125.42, -14.31, 196.32	 1.109 			100
 139.99, -14.17, 210.45	 1.485 			100
 150.81, -13.97, 229.59	 1.828 			100
 148.65, -14.17, 266.78	 1.359 			100
 130.89, -14.28, 280.88	 1.766 			100
 96.16, -14.69, 275.38	 1.094 			100
 78.93, -15.09, 258.20	 1.422 			100
 79.69, -15.26, 229.88	 1.437 			100
 85.76, -14.85, 197.84	 0.797 			100
 79.07, -14.68, 182.60	 0.812 			100
 68.06, -14.73, 174.89	 0.969 			100
 55.90, -14.96, 177.04	 1.313 			100
 42.45, -15.47, 193.49	 2.031 			100
 24.22, -15.51, 239.83	 0.609 			100
 18.88, -15.65, 257.47	 1.282 			100
 5.96, -14.42, 287.78	 0.687 			100
 -5.58, -14.15, 294.68	 0.938 			100
 -17.70, -14.45, 292.01	 1.281 			100
 -26.98, -15.21, 273.23	 3.531 			100
 -58.49, -15.62, 184.13	 0.688 			100
 -57.59, -15.60, 169.23	 0.984 			100
 -47.93, -15.61, 157.44	 2.766 			100
 -50.66, -15.55, 133.79	 6.468 			100
 -129.17, -15.52, -42.53	 0.422 		100
 -131.69, -15.53, -58.01	 0.797 		100
 -133.74, -15.51, -87.11	 1.344 		100
 -119.49, -15.33, -124.13	 9.625 		100
 -112.04, -15.31, -146.53	 2.281 		100
 -75.62, -15.52, -163.22	 1.703 		100
 -30.10, -15.62, -172.29	 0.688 		100
 -8.28, -15.74, -173.11	 0.515 			100
 7.42, -15.67, -172.61	 0.625 			100
 23.66, -15.58, -176.37	 0.641 			100
 36.22, -15.61, -185.51	 1.391 			100
 40.74, -15.81, -209.20	 1.718 			100
 57.46, -15.33, -236.88	 1.25 			100
 77.18, -14.60, -260.67	 1.157 			100
 99.88, -14.78, -277.23	 1.14 			100
 127.86, -13.97, -286.35	 0.828 		100
 143.51, -13.51, -281.75	 1.328 		100
 146.58, -14.48, -268.26	 1.657 		100
 136.01, -15.49, -246.39	 2.375 		100
 160.94, -14.73, -199.05	 0.75 		100
 165.14, -14.32, -184.38	 1.578 		100
 149.21, -13.84, -165.98	 1.844 		100
 134.56, -14.26, -133.19	 1.171 		100
 125.36, -15.08, -102.17	 3.766 		100
 120.26, -15.52, 36.19	 4.422 			100



 123.19, -14.93, 147.75	 0.735			100
 123.87, -14.44, 172.96	 0.89 			100
 126.71, -14.29, 195.89	 1.063 			100
 140.00, -14.16, 210.24	 1.406 			100
 154.88, -13.81, 227.51	 1.938 			100
 149.06, -14.16, 267.19	 1.312 			100
 130.77, -14.28, 280.82	 1.703 			100
 95.56, -14.68, 276.06	 1.078 			100
 82.01, -15.10, 257.23	 1.25 			100
 82.47, -15.20, 230.88	 1.5 			100
 87.50, -14.78, 197.84	 0.75 			100
 81.31, -14.59, 181.49	 0.875 			100
 69.16, -14.63, 171.55	 1.141 			100
 56.23, -14.95, 177.29	 1.203 			100
 48.22, -15.36, 195.39	 2.047 			100
 27.39, -15.55, 240.41	 0.609 			100
 23.47, -15.69, 258.56	 1.047 			100
 7.36, -14.32, 289.08	 0.657 			100
 -6.35, -13.77, 299.83	 1.828 			100
 -19.58, -14.32, 294.89	 1.672 			100
 -25.99, -15.22, 273.13	 3.562 			100
 -57.33, -15.64, 183.46	 0.453 			100
 -56.56, -15.62, 169.30	 0.594 			100
 -51.81, -15.62, 154.48	 1.156 			100
 -42.51, -15.49, 131.44	 10.735 		100
 -128.61, -15.52, -42.08	 0.484 		100
 -132.67, -15.53, -57.59	 1.156 		100
 -131.73, -15.52, -87.03	 2.094 		100
 -112.84, -15.03, -120.39	 1.25 		100
 -102.77, -15.21, -139.34	 1.578 		100
 -75.98, -15.53, -164.37	 1.563 		100
 -29.83, -15.62, -171.88	 0.64 		100
 -7.55, -15.75, -174.90	 0.438 			100
 7.86, -15.72, -177.10	 0.5 			100
 22.33, -15.66, -179.44	 0.672 			100
 37.31, -15.59, -185.15	 1.765 			100
 45.42, -15.78, -208.40	 1.86 			100
 50.93, -14.90, -241.35	 1.312 			100
 76.94, -14.57, -261.00	 0.938 			100
 100.37, -14.80, -277.17	 0.828 		100
 127.15, -14.25, -283.22	 0.547 		100
 143.44, -13.57, -281.08	 1.203 		100
 158.88, -13.62, -270.09	 1.922 		100
 155.63, -15.07, -247.15	 2.187 		100
 162.40, -14.75, -199.38	 0.547 		100
 165.26, -14.33, -184.58	 1.422 		100
 163.22, -14.02, -160.65	 2.765 		100
 132.74, -14.24, -134.34	 1.407 		100
 121.02, -15.07, -102.02	 3.859 		100
 120.64, -15.52, 36.17	 2.984 			100



 117.89, -14.91, 147.42	 0.734			100
 119.04, -14.41, 173.13	 0.828 			100
 127.79, -14.30, 195.76	 0.735 			100
 140.45, -14.14, 210.02	 1.047 			100
 150.26, -13.99, 229.95	 1.734 			100
 144.94, -14.18, 265.21	 0.922 			100
 130.84, -14.28, 280.50	 1.984 			100
 96.94, -14.71, 273.67	 0.969 			100
 85.32, -15.00, 255.90	 1.141 			100
 78.95, -15.27, 229.63	 1.984 			100
 87.17, -14.80, 197.90	 1.359 			100
 69.50, -14.90, 187.55	 0.266 			100
 64.60, -14.98, 186.70	 0.141 			100
 62.02, -15.02, 186.68	 0.968 			100
 45.11, -15.43, 194.44	 2.235 			100
 24.79, -15.52, 240.23	 0.89 			100
 21.64, -15.64, 258.19	 2.094 			100
 3.26, -14.68, 284.49	 0.469 			100
 -4.72, -14.55, 287.40	 0.515 			100
 -14.77, -14.62, 287.48	 1.047 			100
 -31.49, -15.11, 274.77	 3.422 			100
 -60.05, -15.64, 184.49	 0.641 			100
 -58.71, -15.59, 168.81	 0.812 			100
 -50.76, -15.61, 154.97	 8.438 			100
 -49.22, -15.55, 133.25	 7.359 			100
 -124.47, -15.52, -43.50	 0.516 		100
 -130.47, -15.54, -58.23	 1.062 		100
 -132.36, -15.52, -86.74	 1.407 		100
 -120.44, -15.32, -124.64	 0.812 		100
 -108.50, -15.37, -144.14	 1.578 		100
 -73.45, -15.28, -155.70	 1.75 		100
 -29.45, -15.60, -168.24	 0.735 		100
 -8.05, -15.75, -172.06	 0.5 			100
 7.36, -15.67, -172.18	 0.609 			100
 24.19, -15.54, -174.94	 0.781 			100
 39.12, -15.56, -184.67	 1.594 			100
 38.90, -15.82, -209.21	 2.016 			100
 52.49, -15.08, -240.18	 1.593 			100
 75.02, -14.36, -262.87	 1.344 			100
 99.69, -14.73, -277.83	 1.109 			100
 127.72, -14.12, -284.36	 0.657 		100
 142.08, -13.74, -279.88	 0.953 		100
 151.53, -14.20, -268.86	 2.047 		100
 141.47, -15.57, -246.83	 2.343 		100
 161.84, -14.74, -199.28	 0.657 		100
 166.95, -14.33, -184.68	 1.359 		100
 158.28, -13.99, -162.62	 2.078 		100
 129.23, -14.17, -137.45	 1.36 		100
 127.78, -15.08, -102.72	 7.203 		100
 126.40, -15.52, 36.51	 2.969 			100



120.25, -14.90, 147.92	 0.687			100
120.41, -14.41, 173.32	 0.656 			100
123.57, -14.31, 197.60	 0.672 			100
131.30, -14.30, 219.13	 0.563 			100
138.41, -14.11, 235.85	 0.843 			100
142.59, -14.15, 264.83	 0.938 			100
134.69, -14.14, 291.55	 3.391 			100
96.75, -14.70, 274.51	 1.187 			100
95.15, -14.74, 252.04	 0.875 			100
92.04, -14.80, 234.69	 1.5 			100
 84.14, -14.92, 197.96	 0.547 			100
 79.18, -14.69, 182.77	 0.609 			100
 69.59, -14.56, 169.01	 1.313 			100
 47.38, -14.48, 163.10	 1.719 			100
 37.06, -15.39, 192.28	 1.953 			100
 25.02, -15.52, 240.07	 0.797 			100
 18.74, -15.61, 257.50	 1.343 			100
 2.87, -14.70, 284.06	 0.485 			100
 -4.90, -14.50, 288.16	 0.672 			100
 -14.54, -14.62, 287.32	 1.406 			100
 -21.35, -15.24, 271.51	 4.25 			100
 -58.38, -15.64, 184.22	 0.515 			100
 -58.39, -15.59, 168.74	 0.61 			100
 -54.02, -15.48, 152.59	 2.969 			100
 -48.82, -15.55, 133.27	 8.437 			100
 -123.71, -15.52, -44.25	 0.406 		100
 -129.46, -15.53, -58.71	 0.782 		100
 -134.11, -15.50, -87.87	 1.171 		100
 -122.29, -15.28, -125.56	 0.719 		100
 -111.66, -15.31, -146.61	 1.625 		100
 -78.87, -15.48, -173.03	 7.203 		100
 -30.90, -15.62, -178.69	 1.735 		100
 -8.68, -15.65, -169.64	 0.984 			100
 8.14, -15.73, -177.46	 0.609 			100
 20.30, -15.56, -184.82	 0.25 			100
 25.82, -15.56, -188.16	 1.157 			100
 51.33, -15.75, -207.75	 0.89 			100
 68.11, -15.32, -230.40	 0.875 			100
 91.62, -15.40, -246.00	 0.547 			100
 108.23, -15.62, -255.22	 0.469 		100
 123.49, -15.29, -261.20	 0.016 		100
 124.30, -15.26, -261.39	 0.031 		100
 125.11, -15.22, -261.58	 2.484 		100
 159.82, -14.37, -247.57	 3.25 		100
 157.19, -14.66, -196.55	 0.547 		100
 153.48, -14.12, -183.59	 0.703 		100
 146.64, -13.77, -166.61	 1.172 		100
 132.27, -14.22, -135.01	 1 		100
 128.61, -15.06, -102.25	 3.688 		100
 123.65, -15.51, 36.29	 4.407 			100


122.43, -14.91, 147.63	 0.672			100
124.56, -14.43, 172.77	 0.61 			100
128.84, -14.29, 195.26	 0.562 			100
135.44, -14.28, 215.13	 0.516 			100
143.07, -14.08, 233.38	 0.937 			100
149.25, -14.15, 267.12	 1.703 			100
134.46, -13.85, 290.76	 2.266 			100
94.86, -14.66, 278.08	 0.969 			100
83.17, -15.06, 256.43	 0.953 			100
83.84, -15.17, 231.77	 1.265 			100
 83.47, -14.94, 198.49	 0.985 			100
 73.47, -14.78, 185.66	 1.547 			100
 63.89, -15.03, 189.86	 0.015 			100
 63.71, -15.03, 189.93	 1.125 			100
 51.35, -15.30, 196.35	 2.5 			100
 24.95, -15.51, 240.24	 0.672 			100
 18.58, -15.62, 257.16	 1.063 			100
 3.61, -14.63, 285.08	 0.484 			100
 -5.54, -14.18, 293.82	 0.875 			100
 -22.17, -14.08, 298.67	 1.906 			100
 -26.13, -15.23, 272.89	 3.516 			100
 -53.61, -15.60, 182.56	 0.391 			100
 -56.23, -15.60, 169.94	 1.671 			100
 -54.77, -15.44, 152.35	 2.438 			100
 -51.88, -15.55, 134.04	 6.656 			100
 -123.18, -15.52, -44.41	 0.422 		100
 -128.14, -15.54, -59.21	 0.844 		100
 -130.22, -15.53, -86.53	 1.281 		100
 -117.96, -15.31, -123.56	 0.766 		100
 -108.13, -15.36, -143.63	 1.297 		100
 -76.21, -15.53, -163.96	 1.546 		100
 -29.54, -15.61, -171.10	 0.641 		100
 -8.14, -15.73, -172.86	 0.453 			100
 7.83, -15.68, -173.74	 0.438 			100
 23.29, -15.58, -176.32	 0.593 			100
 41.80, -15.52, -183.89	 1.047 			100
 61.62, -15.47, -205.98	 0.86 			100
 71.48, -15.27, -227.88	 0.937 			100
 91.87, -15.43, -244.84	 0.656 			100
 110.20, -15.80, -249.47	 0.375 		100
 122.01, -15.75, -250.48	 0.016 		100
 122.62, -15.74, -250.48	 0.031 		100
 123.23, -15.72, -250.46	 0.719 		100
 145.96, -15.55, -246.97	 2.625 		100
 162.78, -14.77, -200.11	 0.641 		100
 166.11, -14.33, -184.57	 0.937 		100
 161.20, -14.00, -161.06	 1.375 		100
 138.65, -14.18, -129.61	 0.906 		100
 132.41, -14.91, -102.60	 3.813 		100
 119.94, -15.52, 36.57	 2.968 			100



118.79, -14.91, 147.69	 0.703			100
121.21, -14.42, 173.34	 0.61 			100
127.68, -14.29, 195.43	 0.546 			100
135.97, -14.27, 213.96	 0.547 			100
143.78, -14.09, 232.89	 1.047 			100
147.60, -14.14, 266.79	 1.219 			100
134.83, -14.09, 292.43	 2.875 			100
97.10, -14.72, 273.27	 1.109 			100
85.53, -14.97, 255.88	 1.094 			100
84.36, -15.16, 231.53	 1.219 			100
 84.19, -14.90, 198.11	 0.594 			100
 79.92, -14.64, 181.99	 0.781 			100
 69.54, -14.56, 168.92	 2.594 			100
 54.65, -14.93, 174.78	 1.625 			100
 43.13, -15.47, 193.90	 2.203 			100
 23.78, -15.50, 240.18	 0.625 			100
 17.92, -15.61, 257.58	 0.984 			100
 5.11, -14.54, 286.33	 0.578 			100
 -6.13, -13.95, 298.09	 1.094 			100
 -21.76, -14.14, 297.77	 1.469 			100
 -31.06, -15.12, 274.74	 3.25 			100
 -58.40, -15.63, 183.75	 0.468 			100
 -58.22, -15.60, 168.83	 0.579 			100
 -53.72, -15.51, 153.10	 1.015 			100
 -43.05, -15.55, 131.53	 10.719 		100
 -123.74, -15.52, -43.79	 0.422 		100
 -129.39, -15.54, -58.88	 0.828 		100
 -134.38, -15.50, -87.83	 1.219 		100
 -122.66, -15.28, -125.52	 0.672 		100
 -109.45, -15.34, -144.85	 1.296 		100
 -77.00, -15.52, -167.20	 1.532 		100
 -30.39, -15.61, -175.49	 0.672 		100
 -7.67, -15.74, -174.29	 0.421 			100
 7.88, -15.68, -174.24	 0.454 			100
 24.22, -15.55, -175.11	 0.734 			100
 47.38, -15.43, -182.13	 1.297 			100
 67.28, -15.33, -205.32	 1.562 			100
 65.46, -15.39, -231.66	 5.469 			100
 57.38, -15.31, -237.10	 2 			100
 79.05, -14.82, -258.42	 1.219 			100
 104.00, -15.31, -266.02	 0.797 		100
 124.87, -15.02, -267.60	 0.172 		100
 129.69, -14.88, -267.36	 0.187 		100
 134.60, -14.79, -266.75	 1.344 		100
 160.88, -14.03, -247.54	 2.078 		100
 165.00, -14.80, -201.23	 0.609 		100
 167.50, -14.34, -184.61	 0.813 		100
 165.33, -14.03, -159.75	 1.734 		100
 139.01, -14.20, -129.17	 1.485 		100
 119.84, -15.05, -102.18	 4.312 		100



120.37, -14.89, 148.04	 0.735			100
122.07, -14.41, 173.23	 0.844 			100
126.59, -14.29, 196.20	 0.796 			100
134.97, -14.29, 215.15	 0.766 			100
148.30, -14.05, 230.82	 2.109 			100
160.84, -13.72, 271.90	 1.75 			100
135.15, -14.08, 293.06	 1.954 			100
91.81, -14.53, 283.12	 1.078 			100
73.11, -15.10, 260.14	 7.781 			100
75.21, -15.38, 228.37	 1.906 			100
 85.32, -14.87, 198.24	 0.813 			100
 82.30, -14.56, 181.15	 1.062 			100
 70.82, -14.41, 165.24	 1.563 			100
 47.50, -14.50, 163.67	 1.937 			100
 40.49, -15.43, 192.91	 2.156 			100
 27.42, -15.54, 240.26	 0.75 			100
 21.01, -15.64, 258.10	 1.625 			100
 3.59, -14.64, 284.88	 0.625 			100
 -4.99, -14.45, 289.10	 0.735 			100
 -16.01, -14.56, 289.18	 1.406 			100
 -31.56, -15.12, 274.74	 3.641 			100
 -60.07, -15.63, 184.46	 0.593 			100
 -60.48, -15.59, 168.22	 0.766 			100
 -55.69, -14.65, 151.55	 13.75 			100
 -44.02, -15.55, 131.77	 27.625 		100
 -119.81, -15.51, -45.13	 0.859 		100
 -126.13, -15.53, -59.58	 1.172 		100
 -129.91, -15.52, -86.43	 1.407 		100
 -122.62, -15.27, -125.67	 0.828 		100
 -111.72, -15.31, -146.61	 1.64 		100
 -79.38, -15.44, -174.12	 1.625 		100
 -30.58, -15.62, -178.84	 0.703 		100
 -7.91, -15.76, -176.68	 0.516 			100
 7.86, -15.70, -175.17	 0.672 			100
 25.00, -15.49, -172.81	 1.516 			100
 54.59, -15.24, -180.15	 1.359 			100
 70.05, -15.10, -204.79	 1.391 			100
 69.63, -15.32, -228.89	 2.125 			100
 70.92, -13.78, -267.01	 1.609 			100
 98.73, -14.52, -280.92	 1.328 			100
 127.36, -14.09, -285.00	 0.922 		100
 141.15, -13.88, -278.96	 0.781 		100
 148.10, -14.40, -268.31	 1.063 		100
 152.46, -15.22, -247.27	 1.843 		100
 160.38, -14.71, -198.21	 0.532 		100
 161.46, -14.31, -184.23	 1.156 		100
 161.53, -14.01, -161.13	 1.891 		100
 136.48, -14.27, -130.99	 1.296 		100
 121.40, -15.06, -102.26	 12.938 	100
 120.32, -15.51, 36.48	 4.734 			100